     1     1.0000     0.1162   150.8039   169.2000    37.5120   169.2000
     2     0.9525     0.1610   145.1749   177.2000    49.8400   177.2000
     3     0.9596     0.2350   136.9260   184.4000    65.8160   184.4000
     4     0.8542     0.2829   126.3833   188.8000    89.9200   188.8000
     5     0.9467     0.3664   118.7456   188.8000    97.4960   188.8000
     6     0.9425     0.3938   114.4643   193.2000   107.6320   194.8000
     7     0.9622     0.4149   109.3050   194.8000   112.9120   196.8000
     8     0.9379     0.4328   107.1433   200.8000   121.2880   202.0000
     9     0.8686     0.4399   106.4529   199.2000   119.9600   204.8000
    10     0.9080     0.4498   104.7440   206.8000   129.0240   213.2000
    11     0.8798     0.4665    98.4947   210.4000   132.0880   213.2000
    12     0.9047     0.5121    92.6802   205.6000   142.8800   217.6000
    13     0.9221     0.4592    88.9651   210.0000   146.7200   222.0000
    14     0.9063     0.4627    88.6624   211.6000   144.8080   222.0000
    15     0.9565     0.5150    89.6521   213.6000   149.9840   222.0000
    16     0.8463     0.4906    88.1401   213.6000   152.2640   222.0000
    17     0.8744     0.4895    86.4287   206.4000   146.0320   222.0000
    18     0.8635     0.4914    85.0887   204.8000   147.7360   222.0000
    19     0.8716     0.4622    82.4766   204.8000   149.3520   222.0000
    20     0.8940     0.4625    82.0681   206.0000   148.5280   222.0000
    21     0.9161     0.5193    80.7433   213.6000   156.5440   222.0000
    22     0.9356     0.5352    80.1269   211.6000   162.5120   222.0000
    23     0.9254     0.5484    78.4984   208.8000   163.5920   222.0000
    24     0.9197     0.5376    76.2606   210.0000   157.6640   222.0000
    25     0.9026     0.5501    74.5976   207.6000   167.8720   222.0000
    26     0.9099     0.5113    72.9856   204.4000   165.4320   222.0000
    27     0.9145     0.5454    72.0978   211.2000   168.6080   225.6000
    28     0.8895     0.5343    74.5662   210.4000   168.5360   226.4000
    29     0.9197     0.5577    73.5329   212.0000   170.4400   226.4000
    30     0.9157     0.5442    69.9833   214.8000   165.8880   226.4000
    31     0.9266     0.6122    68.8069   218.4000   175.9280   226.4000
    32     0.9234     0.5444    68.6718   212.8000   176.0160   226.4000
    33     0.8900     0.5337    68.8800   212.8000   173.8560   226.4000
    34     0.9032     0.5080    70.7933   207.2000   169.0560   226.4000
    35     0.9242     0.5697    71.0978   211.6000   172.3600   226.4000
    36     0.8882     0.5436    69.6730   211.6000   172.7840   226.4000
    37     0.9052     0.5343    69.3133   210.4000   168.4240   226.4000
    38     0.8845     0.5088    69.5396   208.0000   170.0800   226.4000
    39     0.9013     0.5484    68.1004   206.8000   177.6800   226.4000
    40     0.8977     0.5395    68.7254   208.0000   168.9200   226.4000
    41     0.8977     0.5608    67.3879   204.8000   177.7040   226.4000
    42     0.8956     0.5334    65.5032   211.6000   176.5440   226.4000
    43     0.9013     0.5661    64.6024   207.2000   184.4480   226.4000
    44     0.9343     0.5555    64.9435   213.6000   177.6080   226.4000
    45     0.9343     0.5698    66.5130   218.0000   183.1120   226.4000
    46     0.9309     0.5766    66.6473   218.0000   180.4080   226.4000
    47     0.8900     0.5369    65.9887   216.0000   181.7040   226.4000
    48     0.8826     0.5811    66.2184   208.4000   180.2400   226.4000
    49     0.9233     0.5565    67.0060   215.2000   177.6960   226.4000
    50     0.9102     0.5136    64.4573   212.0000   180.5760   226.4000
    51     0.9157     0.5927    66.5584   216.0000   185.4000   226.4000
    52     0.9101     0.5384    67.7809   215.2000   173.4960   226.4000
    53     0.9157     0.5950    67.1326   211.6000   183.2240   226.4000
    54     0.8826     0.5387    65.2764   209.2000   179.0240   226.4000
    55     0.9160     0.5472    66.4247   211.6000   178.2400   226.4000
    56     0.9160     0.5334    66.5482   211.6000   174.5040   226.4000
    57     0.8932     0.5221    65.5396   215.2000   180.5120   226.4000
    58     0.9289     0.5590    66.2327   211.6000   182.9520   226.4000
    59     0.9074     0.5617    66.3215   211.6000   181.4400   226.4000
    60     0.9137     0.5461    67.0936   210.4000   183.3840   226.4000
    61     0.9160     0.5414    66.1882   215.2000   180.9760   226.4000
    62     0.9032     0.5754    67.3716   211.6000   184.1920   226.4000
    63     0.9289     0.5393    66.9776   211.6000   181.2640   226.4000
    64     0.9289     0.5720    66.7809   211.6000   185.5840   226.4000
    65     0.9289     0.5420    69.6668   212.0000   180.4880   226.4000
    66     0.9311     0.5788    71.1696   212.0000   183.8400   226.4000
    67     0.9147     0.5340    70.7073   215.6000   182.2720   226.4000
    68     0.9233     0.5601    72.8304   215.6000   176.3600   226.4000
    69     0.9454     0.5596    72.0663   215.2000   183.0880   226.4000
    70     0.9289     0.5824    68.8331   217.2000   186.4960   226.4000
    71     0.9289     0.5219    70.8772   216.4000   179.8400   226.4000
    72     0.9479     0.5541    70.1829   216.4000   182.1920   226.4000
    73     0.9311     0.5608    70.7734   216.4000   180.9920   226.4000
    74     0.9454     0.5475    70.6487   215.6000   178.5760   226.4000
    75     0.9454     0.5694    68.5607   217.2000   190.6640   226.4000
    76     0.9454     0.4918    67.1030   216.4000   177.6400   226.4000
    77     0.9252     0.5396    65.4343   215.2000   181.6240   226.4000
    78     0.9454     0.5227    66.4390   215.2000   184.4080   226.4000
    79     0.9354     0.5368    68.4617   217.2000   178.7520   226.4000
    80     0.9408     0.5595    68.2909   216.4000   179.0720   226.4000
    81     0.9414     0.5503    65.9120   216.4000   191.6240   226.4000
    82     0.9520     0.5693    67.4026   216.4000   185.4960   226.4000
    83     0.9306     0.5514    66.9406   216.4000   187.6720   226.4000
    84     0.9405     0.5599    67.5580   217.2000   184.6880   226.4000
    85     0.9520     0.5302    68.7025   217.2000   187.7280   226.4000
    86     0.9446     0.5462    67.9628   216.4000   191.7200   226.4000
    87     0.9454     0.5847    69.6718   216.4000   189.6400   226.4000
    88     0.9318     0.5968    69.6026   217.2000   189.8080   226.4000
    89     0.9520     0.5866    68.3352   216.4000   187.0160   226.4000
    90     0.9556     0.5753    69.1399   217.2000   180.0080   226.4000
    91     0.9306     0.5241    70.0330   217.2000   180.0640   226.4000
    92     0.9222     0.5231    69.9104   216.4000   186.2000   226.4000
    93     0.9520     0.5924    70.2547   216.4000   185.9840   226.4000
    94     0.9088     0.5053    69.9904   216.4000   183.0000   226.4000
    95     0.9318     0.5835    72.0108   216.4000   181.5440   226.4000
    96     0.9318     0.5663    70.1794   216.4000   186.0480   226.4000
    97     0.9520     0.5567    70.3842   216.4000   180.6400   226.4000
    98     0.9520     0.5945    71.1664   216.4000   189.7600   226.4000
    99     0.9318     0.5779    71.3626   217.2000   184.8240   226.4000
   100     0.9424     0.5896    70.2333   217.2000   196.5200   226.4000
   101     0.9484     0.5666    71.4469   216.4000   191.0480   226.4000
   102     0.9520     0.5740    72.7605   216.4000   186.6400   226.4000
   103     0.9520     0.5656    72.8583   217.2000   180.5920   226.4000
   104     0.9520     0.6108    72.2139   217.2000   191.2640   226.4000
   105     0.9520     0.5666    72.5964   217.2000   190.3760   226.4000
   106     0.9520     0.5771    71.6506   216.4000   189.7360   226.4000
   107     0.9520     0.6060    71.4968   216.4000   190.9600   226.4000
   108     0.9520     0.5847    70.6963   217.2000   186.8240   226.4000
   109     0.9520     0.6292    71.6856   217.2000   187.3120   226.4000
   110     0.9520     0.5648    70.1825   217.2000   190.7200   226.4000
   111     0.9564     0.6026    71.2575   218.0000   186.8320   226.4000
   112     0.9564     0.6009    72.2531   217.2000   195.7280   226.4000
   113     0.9551     0.5488    69.9807   217.2000   193.2080   226.4000
   114     0.9520     0.5636    70.6188   217.2000   193.0240   226.4000
   115     0.9600     0.5650    69.5332   218.0000   191.6560   226.4000
   116     0.9564     0.6095    67.7045   218.0000   192.7680   226.4000
   117     0.9520     0.5612    68.6970   217.2000   193.1040   226.4000
   118     0.9600     0.6076    70.7074   218.0000   192.5360   226.4000
   119     0.9564     0.6254    71.8771   218.0000   196.4800   226.4000
   120     0.9564     0.6267    72.6647   218.0000   197.9600   226.4000
   121     0.9600     0.6061    71.7241   218.0000   195.6880   226.4000
   122     0.9600     0.6338    72.7489   218.0000   192.0720   226.4000
   123     0.9440     0.6126    71.6906   218.0000   197.2320   226.4000
   124     0.9600     0.5949    71.9538   218.0000   195.4080   226.4000
   125     0.9564     0.5487    70.4096   218.0000   191.5840   226.4000
   126     0.9600     0.5756    71.1215   218.0000   193.5440   226.4000
   127     0.9398     0.5622    72.1182   218.0000   197.4240   226.4000
   128     0.9564     0.5896    70.6411   218.0000   189.0320   226.4000
   129     0.9564     0.5932    72.4651   217.2000   196.6480   226.4000
   130     0.9564     0.5894    70.8821   217.2000   190.5760   226.4000
   131     0.9564     0.6088    72.5492   217.2000   188.7600   226.4000
   132     0.9564     0.6053    72.5207   217.2000   190.2160   226.4000
   133     0.9564     0.6335    73.4460   217.2000   189.3040   226.4000
   134     0.9564     0.6141    73.3636   217.2000   189.4800   226.4000
   135     0.9564     0.5832    73.6578   217.2000   189.0160   226.4000
   136     0.9564     0.6401    72.2003   217.2000   197.7680   226.4000
   137     0.9564     0.6072    73.8233   217.2000   192.7440   226.4000
   138     0.9564     0.5862    73.8072   217.2000   191.5840   226.4000
   139     0.9564     0.6246    73.8149   217.2000   198.9600   226.4000
   140     0.9564     0.5880    74.5076   217.2000   190.7280   226.4000
   141     0.9564     0.5991    73.3499   217.2000   186.6720   226.4000
   142     0.9564     0.6001    71.3482   217.2000   197.7600   226.4000
   143     0.9564     0.6442    74.4354   217.2000   195.2160   226.4000
   144     0.9564     0.5831    71.7721   217.2000   193.7280   226.4000
   145     0.9564     0.6356    72.8436   217.2000   199.7360   226.4000
   146     0.9564     0.6091    75.7113   217.2000   188.8720   226.4000
   147     0.9564     0.5981    76.1420   217.2000   195.3360   226.4000
   148     0.9564     0.6313    74.8934   217.2000   200.5920   226.4000
   149     0.9564     0.5816    73.2451   217.2000   186.8400   226.4000
   150     0.9564     0.6115    72.8233   217.2000   191.6960   226.4000
   151     0.9564     0.5799    73.3118   217.2000   191.9200   226.4000
   152     0.9564     0.6199    74.4356   217.2000   191.9760   226.4000
   153     0.9564     0.5899    75.4883   217.2000   196.6480   226.4000
   154     0.9564     0.6046    73.7402   217.2000   190.3680   226.4000
   155     0.9564     0.5831    73.5117   217.2000   189.7600   226.4000
   156     0.9564     0.6148    73.6918   217.2000   196.4560   226.4000
   157     0.9564     0.5348    72.7118   217.2000   193.2240   226.4000
   158     0.9564     0.6136    72.9143   217.2000   193.0480   226.4000
   159     0.9564     0.6096    71.3554   217.2000   193.2560   226.4000
   160     0.9564     0.6027    73.7812   217.2000   189.8000   226.4000
   161     0.9564     0.6286    72.1440   217.2000   195.6400   226.4000
   162     0.9564     0.6206    72.1176   217.2000   195.7600   226.4000
   163     0.9564     0.5570    75.3399   217.2000   196.5600   226.4000
   164     0.9564     0.6447    74.4069   217.2000   191.9120   226.4000
   165     0.9564     0.6302    72.8934   217.2000   197.5440   226.4000
   166     0.9564     0.6011    71.5205   217.2000   191.1840   226.4000
   167     0.9564     0.6011    69.9812   217.2000   188.5840   226.4000
   168     0.9564     0.6001    69.8891   218.4000   197.1120   226.4000
   169     0.9619     0.6340    69.9435   218.4000   201.9120   226.4000
   170     0.9619     0.5955    70.5595   218.4000   195.7200   226.4000
   171     0.9619     0.5469    71.5778   218.4000   190.9040   226.4000
   172     0.9568     0.6137    71.3211   218.4000   191.1200   226.4000
   173     0.9564     0.5964    68.7419   218.4000   200.6640   226.4000
   174     0.9564     0.6524    68.3992   217.2000   204.4320   226.4000
   175     0.9564     0.5713    68.4637   218.4000   196.9760   226.4000
   176     0.9564     0.5920    67.8415   217.2000   197.7440   226.4000
   177     0.9564     0.6158    68.1979   217.2000   193.5600   226.4000
   178     0.9564     0.5803    67.8573   217.2000   199.7040   226.4000
   179     0.9619     0.6105    67.4167   218.4000   199.2480   226.4000
   180     0.9619     0.6135    70.3703   218.4000   191.7920   226.4000
   181     0.9564     0.6480    70.8255   218.4000   203.8800   226.4000
   182     0.9619     0.6148    73.1554   218.4000   193.2720   226.4000
   183     0.9619     0.6456    73.9104   218.4000   200.4000   226.4000
   184     0.9619     0.6882    73.9853   218.4000   199.7040   226.4000
   185     0.9619     0.6475    76.6931   218.4000   192.6880   226.4000
   186     0.9619     0.6255    73.9646   218.4000   200.0480   226.4000
   187     0.9564     0.6386    76.4428   218.4000   194.3920   226.4000
   188     0.9655     0.6193    76.3762   219.2000   190.8880   226.4000
   189     0.9619     0.6153    78.0808   219.2000   194.1120   226.4000
   190     0.9619     0.5996    77.4485   218.4000   198.2240   226.4000
   191     0.9564     0.6144    76.6351   218.4000   198.3120   226.4000
   192     0.9619     0.6298    76.8083   218.4000   198.3120   226.4000
   193     0.9564     0.5857    79.3136   218.4000   194.4080   226.4000
   194     0.9564     0.6385    77.0916   217.2000   194.4080   226.4000
   195     0.9564     0.5861    74.9469   217.2000   192.4640   226.4000
   196     0.9564     0.6341    75.7724   217.2000   193.8800   226.4000
   197     0.9564     0.6210    73.3368   217.2000   198.4880   226.4000
   198     0.9564     0.6416    75.2536   217.2000   201.1520   226.4000
   199     0.9564     0.6097    74.9489   217.2000   197.5760   226.4000
   200     0.9564     0.6442    75.2366   217.2000   196.0400   226.4000
   201     0.9564     0.5932    76.3892   217.2000   191.1440   226.4000
   202     0.9564     0.6076    76.4584   217.2000   193.7040   226.4000
   203     0.9564     0.6757    77.9889   217.2000   195.8720   226.4000
   204     0.9564     0.5938    77.6898   217.2000   188.4320   226.4000
   205     0.9564     0.6247    78.1074   217.2000   197.1760   226.4000
   206     0.9564     0.5934    76.2882   217.2000   195.6080   226.4000
   207     0.9564     0.6568    77.0617   217.2000   204.5840   226.4000
   208     0.9564     0.6462    79.6366   217.2000   195.7840   226.4000
   209     0.9564     0.6377    77.0191   217.2000   199.6000   226.4000
   210     0.9564     0.6227    76.7589   217.2000   193.5760   226.4000
   211     0.9564     0.6753    76.4013   217.2000   194.8000   226.4000
   212     0.9564     0.6076    78.7819   217.2000   191.9760   226.4000
   213     0.9564     0.6337    78.5081   217.2000   190.5680   226.4000
   214     0.9564     0.5746    77.4761   217.2000   186.6000   226.4000
   215     0.9564     0.6287    76.7636   217.2000   185.4800   226.4000
   216     0.9564     0.6252    74.9357   217.2000   193.7760   226.4000
   217     0.9564     0.6104    77.7770   217.2000   195.2320   226.4000
   218     0.9564     0.5554    75.0100   217.2000   193.4640   226.4000
   219     0.9564     0.6161    77.3185   217.2000   197.2400   226.4000
   220     0.9564     0.5903    75.2864   217.2000   196.7920   226.4000
   221     0.9564     0.6257    75.3566   217.2000   199.5040   226.4000
   222     0.9564     0.6302    77.0929   217.2000   199.2080   226.4000
   223     0.9564     0.6307    74.4749   217.2000   198.0000   226.4000
   224     0.9564     0.5925    72.7427   217.2000   199.5600   226.4000
   225     0.9564     0.6118    74.2389   222.0000   199.1920   226.4000
   226     0.9564     0.6196    75.0091   217.2000   197.6800   226.4000
   227     0.9564     0.5664    74.2859   217.2000   196.5600   226.4000
   228     0.9564     0.6344    72.4689   217.2000   199.8960   226.4000
   229     0.9564     0.5630    74.5864   217.2000   193.3200   226.4000
   230     0.9564     0.6624    75.6789   217.2000   198.2080   226.4000
   231     0.9564     0.6678    75.9280   217.2000   199.2560   226.4000
   232     0.9564     0.6401    76.0093   217.2000   194.8400   226.4000
   233     0.9564     0.6149    75.3468   217.2000   195.7120   226.4000
   234     0.9564     0.6112    75.4372   217.2000   197.8960   226.4000
   235     0.9564     0.6349    73.4447   217.2000   195.1760   226.4000
   236     0.9564     0.6159    75.2962   217.2000   194.6240   226.4000
   237     0.9564     0.6009    74.7087   217.2000   196.2240   226.4000
   238     0.9564     0.6179    72.5171   217.2000   196.6240   226.4000
   239     0.9564     0.6221    73.1011   217.2000   196.8960   226.4000
   240     0.9564     0.6062    71.4118   217.2000   198.4400   226.4000
   241     0.9564     0.6139    69.0095   217.2000   192.8080   226.4000
   242     0.9564     0.6333    69.4937   217.2000   202.6320   226.4000
   243     0.9564     0.6225    71.2013   217.2000   195.2720   226.4000
   244     0.9564     0.6185    72.4216   217.2000   194.2960   226.4000
   245     0.9564     0.6175    74.5358   217.2000   198.1360   226.4000
   246     0.9564     0.5755    74.0439   217.2000   196.5600   226.4000
   247     0.9564     0.5801    75.4663   217.2000   197.3760   226.4000
   248     0.9564     0.6342    76.2759   217.2000   195.4640   226.4000
   249     0.9564     0.6050    74.9572   217.2000   202.1680   226.4000
   250     0.9564     0.5891    76.8008   217.2000   198.3680   226.4000
   251     0.9564     0.5983    77.7491   217.2000   194.1280   226.4000
   252     0.9564     0.6190    78.1269   217.2000   197.6800   226.4000
   253     0.9564     0.6075    77.3708   217.2000   194.4160   226.4000
   254     0.9564     0.6335    78.5404   217.2000   202.6400   226.4000
   255     0.9564     0.6251    80.2075   217.2000   193.4720   226.4000
   256     0.9564     0.6434    78.0678   217.2000   199.2320   226.4000
   257     0.9564     0.6028    78.3084   217.2000   197.4720   226.4000
   258     0.9564     0.5656    75.2007   217.2000   196.1280   226.4000
   259     0.9564     0.6119    76.9399   217.2000   199.8080   226.4000
   260     0.9564     0.6572    78.1716   217.2000   197.5840   226.4000
   261     0.9564     0.5998    75.5167   217.2000   196.1520   226.4000
   262     0.9564     0.6856    78.7159   217.2000   199.2480   226.4000
   263     0.9564     0.6203    77.8031   217.2000   199.4240   226.4000
   264     0.9564     0.6240    74.5291   217.2000   200.8560   226.4000
   265     0.9564     0.6360    77.4323   217.2000   189.2960   226.4000
   266     0.9564     0.6113    77.1229   217.2000   194.4560   226.4000
   267     0.9564     0.5967    77.6620   217.2000   190.2160   226.4000
   268     0.9564     0.6126    78.2842   218.0000   189.2640   226.4000
   269     0.9564     0.6293    79.7339   217.2000   193.3840   226.4000
   270     0.9564     0.6008    79.9473   217.2000   189.6960   226.4000
   271     0.9564     0.6154    79.5135   217.2000   197.3280   226.4000
   272     0.9564     0.6327    80.0374   217.2000   194.0400   226.4000
   273     0.9564     0.6512    78.0493   217.2000   198.2960   226.4000
   274     0.9564     0.5968    76.0346   217.2000   200.3120   226.4000
   275     0.9564     0.5798    78.4209   217.2000   189.0160   226.4000
   276     0.9564     0.6138    77.3061   217.2000   192.8320   226.4000
   277     0.9564     0.6079    76.6041   217.2000   197.5200   226.4000
   278     0.9564     0.6305    79.6493   217.2000   192.0640   226.4000
   279     0.9564     0.6048    78.5406   217.2000   192.0880   226.4000
   280     0.9564     0.6072    78.7825   217.2000   199.1840   226.4000
   281     0.9564     0.6302    78.4813   217.2000   199.2800   226.4000
   282     0.9564     0.6694    77.7084   217.2000   200.2160   226.4000
   283     0.9564     0.6281    78.3429   218.4000   193.8160   226.4000
   284     0.9619     0.6033    75.8082   218.4000   198.2080   226.4000
   285     0.9564     0.6234    75.9295   218.4000   198.6800   226.4000
   286     0.9619     0.5979    79.2516   218.4000   192.6880   226.4000
   287     0.9619     0.6391    75.0415   218.4000   197.8720   226.4000
   288     0.9619     0.6128    76.3058   218.4000   195.0960   226.4000
   289     0.9619     0.6245    74.1554   218.4000   201.1120   226.4000
   290     0.9730     0.6207    77.3242   222.0000   195.7280   226.4000
   291     0.9784     0.5907    75.5997   222.0000   196.8880   226.4000
   292     0.9784     0.5889    76.2602   222.0000   196.1200   226.4000
   293     0.9784     0.6813    76.7948   222.0000   200.4320   226.4000
   294     0.9784     0.6655    75.0877   222.0000   201.1280   226.4000
   295     0.9743     0.6360    74.4901   222.0000   197.8960   226.4000
   296     0.9784     0.5869    70.1224   222.0000   200.7600   226.4000
   297     0.9784     0.6382    70.7664   222.0000   201.3520   226.4000
   298     0.9784     0.6051    70.3549   222.0000   201.0400   226.4000
   299     0.9784     0.5990    69.6513   222.0000   198.4640   226.4000
   300     0.9784     0.6416    68.6681   222.0000   205.2960   226.4000
   301     0.9784     0.6153    69.3300   222.0000   199.9680   226.4000
   302     0.9784     0.5975    68.6584   222.0000   196.1360   226.4000
   303     0.9784     0.6132    71.2986   222.0000   198.2160   226.4000
   304     0.9784     0.5939    73.7221   222.0000   196.0880   226.4000
   305     0.9784     0.6566    74.0759   222.0000   204.7920   226.4000
   306     0.9784     0.6317    75.1223   222.0000   197.6480   226.4000
   307     0.9784     0.6017    74.2201   222.0000   194.5200   226.4000
   308     0.9784     0.6413    75.0625   222.0000   200.6640   226.4000
   309     0.9784     0.6365    75.6477   222.0000   199.3440   226.4000
   310     0.9784     0.6786    77.7887   222.0000   201.4720   226.4000
   311     0.9784     0.6299    74.7443   222.0000   198.0240   226.4000
   312     0.9784     0.6199    75.2284   222.0000   196.9600   226.4000
   313     0.9784     0.6324    73.9100   222.0000   204.6000   226.4000
   314     0.9784     0.5705    71.9300   222.0000   199.7120   226.4000
   315     0.9784     0.6262    73.6206   222.0000   203.0080   226.4000
   316     0.9784     0.6641    73.9448   222.0000   201.4240   226.4000
   317     0.9784     0.6340    75.9329   222.0000   196.1760   226.4000
   318     0.9784     0.6093    74.2619   222.0000   202.0240   226.4000
   319     0.9784     0.6327    73.7045   222.0000   200.7520   226.4000
   320     0.9784     0.6280    74.1995   222.0000   204.4560   226.4000
   321     0.9784     0.6662    76.8849   222.0000   203.6720   226.4000
   322     0.9784     0.6532    79.9579   222.0000   201.2480   226.4000
   323     0.9784     0.6358    79.2671   222.0000   199.8160   226.4000
   324     0.9784     0.6113    77.3319   222.0000   203.2000   226.4000
   325     0.9707     0.5877    79.3409   222.0000   195.2320   226.4000
   326     0.9784     0.6081    80.3259   222.0000   194.0000   226.4000
   327     0.9784     0.6479    79.6988   222.0000   192.4080   226.4000
   328     0.9784     0.5940    77.7922   222.0000   193.2400   226.4000
   329     0.9784     0.5995    77.2420   222.0000   194.5440   226.4000
   330     0.9784     0.6492    78.6318   222.0000   189.6640   226.4000
   331     0.9784     0.6431    78.2186   222.0000   192.4800   226.4000
   332     0.9784     0.6224    78.3492   222.0000   202.0320   226.4000
   333     0.9784     0.5945    78.2996   222.0000   198.4800   226.4000
   334     0.9784     0.6670    78.4018   222.0000   208.9200   226.4000
   335     0.9784     0.6654    78.1032   222.0000   208.2960   226.4000
   336     0.9784     0.6910    78.5131   222.0000   203.9440   226.4000
   337     0.9784     0.6652    76.1009   222.0000   207.2480   226.4000
   338     0.9784     0.6640    77.7611   222.0000   200.8560   226.4000
   339     0.9784     0.6292    76.7254   222.0000   200.3840   226.4000
   340     0.9784     0.6543    76.0238   222.0000   196.5840   226.4000
   341     0.9784     0.6194    73.7904   222.0000   197.9120   226.4000
   342     0.9784     0.6286    75.7502   222.0000   199.9120   226.4000
   343     0.9784     0.6360    77.3827   222.0000   200.6240   226.4000
   344     0.9784     0.6207    78.0416   222.0000   198.8400   226.4000
   345     0.9784     0.6312    79.6095   222.0000   201.4080   226.4000
   346     0.9784     0.6530    80.2247   222.0000   202.1120   226.4000
   347     0.9784     0.6454    77.2955   222.0000   199.5600   226.4000
   348     0.9784     0.6591    76.7193   222.0000   202.1360   226.4000
   349     0.9784     0.6383    75.8571   222.0000   201.6000   226.4000
   350     0.9784     0.6329    74.0165   222.0000   200.7680   226.4000
   351     0.9784     0.5988    75.5479   222.0000   198.8240   226.4000
   352     0.9784     0.5839    72.9820   222.0000   199.3520   226.4000
   353     0.9784     0.5727    75.1559   222.0000   192.1040   226.4000
   354     0.9784     0.6664    77.0136   222.0000   202.8160   226.4000
   355     0.9784     0.6638    76.4681   222.0000   204.4400   226.4000
   356     0.9784     0.6080    76.8268   222.0000   201.0240   226.4000
   357     0.9784     0.6501    77.0808   222.0000   199.3440   226.4000
   358     0.9784     0.6209    78.2589   222.0000   201.9600   226.4000
   359     0.9784     0.6066    76.8380   222.0000   198.8960   226.4000
   360     0.9784     0.6117    76.8534   222.0000   198.2320   226.4000
   361     0.9784     0.6223    77.3172   222.0000   197.2400   226.4000
   362     0.9784     0.6470    76.0150   222.0000   202.0640   226.4000
   363     0.9784     0.6232    78.7262   222.0000   201.0240   226.4000
   364     0.9784     0.6061    79.4312   222.0000   197.8560   226.4000
   365     0.9784     0.6055    77.8918   222.0000   197.0320   226.4000
   366     0.9784     0.5867    79.1964   222.0000   191.3680   226.4000
   367     0.9820     0.6073    80.7847   222.8000   192.8480   226.4000
   368     0.9820     0.6143    81.6506   222.8000   195.7840   226.4000
   369     0.9820     0.6875    84.2909   222.8000   198.7280   226.4000
   370     0.9784     0.6195    83.4842   222.8000   200.8240   226.4000
   371     0.9820     0.6240    82.4722   222.8000   194.0240   226.4000
   372     0.9820     0.6729    81.3298   222.8000   202.3920   226.4000
   373     0.9820     0.6201    79.7770   222.8000   201.2960   226.4000
   374     0.9820     0.6113    82.1833   222.8000   202.0800   226.4000
   375     0.9820     0.6328    81.4976   222.8000   202.0560   226.4000
   376     0.9820     0.6516    79.7115   222.8000   202.3840   226.4000
   377     0.9820     0.6522    80.8227   222.8000   205.9760   226.4000
   378     0.9820     0.6425    79.7357   222.8000   204.8640   226.4000
   379     0.9820     0.6223    78.9269   222.8000   197.4000   226.4000
   380     0.9820     0.6405    80.2666   222.8000   194.7280   226.4000
   381     0.9820     0.6145    76.8380   222.8000   198.8080   226.4000
   382     0.9820     0.6230    74.2067   222.8000   197.5040   226.4000
   383     0.9820     0.6165    74.2625   222.8000   201.7680   226.4000
   384     0.9820     0.6156    72.0753   222.8000   200.6640   226.4000
   385     0.9820     0.5615    72.3621   222.8000   199.0720   226.4000
   386     0.9820     0.5955    75.1298   222.8000   199.1200   226.4000
   387     0.9820     0.6153    74.3900   222.8000   196.8000   226.4000
   388     0.9765     0.6418    72.4529   222.8000   204.5440   226.4000
   389     0.9820     0.5972    75.7123   222.8000   190.5200   226.4000
   390     0.9820     0.6366    76.3275   222.8000   193.8960   226.4000
   391     0.9820     0.6248    74.8776   222.8000   201.5120   226.4000
   392     0.9820     0.6192    75.5760   222.8000   197.6480   226.4000
   393     0.9820     0.6415    77.0601   222.8000   198.4640   226.4000
   394     0.9820     0.6326    76.8931   222.8000   203.2720   226.4000
   395     0.9820     0.6129    76.3509   222.8000   209.8880   226.4000
   396     0.9820     0.6309    78.3912   222.8000   199.9360   226.4000
   397     0.9820     0.6036    77.8276   222.8000   196.7920   226.4000
   398     0.9820     0.6494    79.2658   222.8000   197.5040   226.4000
   399     0.9820     0.6814    81.1523   222.8000   202.1200   226.4000
   400     0.9820     0.5906    81.7858   222.8000   201.4400   226.4000
   401     0.9820     0.6046    79.9228   222.8000   194.2880   226.4000
   402     0.9820     0.6200    80.9518   222.8000   202.1120   226.4000
   403     0.9820     0.6367    79.3337   222.8000   201.3760   226.4000
   404     0.9820     0.6250    78.9536   222.8000   201.3120   226.4000
   405     0.9820     0.6372    76.9234   222.8000   200.0160   226.4000
   406     0.9820     0.6074    75.9363   222.8000   202.9120   226.4000
   407     0.9820     0.6267    76.5829   222.8000   203.2480   226.4000
   408     0.9820     0.6129    77.9770   222.8000   202.0320   226.4000
   409     0.9820     0.6455    76.1138   222.8000   202.8640   226.4000
   410     0.9820     0.6421    76.1433   222.8000   197.5840   226.4000
   411     0.9820     0.6346    75.8034   222.8000   201.2960   226.4000
   412     0.9820     0.6278    79.2325   222.8000   198.9840   226.4000
   413     0.9820     0.6420    78.1247   222.8000   197.3760   226.4000
   414     0.9820     0.5884    79.5706   222.8000   198.6160   226.4000
   415     0.9820     0.6296    77.2219   222.8000   202.2000   226.4000
   416     0.9820     0.6192    79.8157   222.8000   196.0160   226.4000
   417     0.9820     0.6490    80.0779   222.8000   203.2080   226.4000
   418     0.9820     0.6297    75.3956   222.8000   200.5200   226.4000
   419     0.9820     0.6343    76.4500   222.8000   200.7600   226.4000
   420     0.9820     0.6505    77.1094   222.8000   204.5120   226.4000
   421     0.9820     0.6012    76.9737   222.8000   201.6480   226.4000
   422     0.9820     0.6499    77.4904   222.8000   203.2400   226.4000
   423     0.9820     0.6447    76.3569   222.8000   203.0640   226.4000
   424     0.9820     0.6693    80.7959   222.8000   201.7840   226.4000
   425     0.9820     0.6741    80.3368   222.8000   208.5600   226.4000
   426     0.9820     0.6610    82.0416   222.8000   202.3040   226.4000
   427     0.9820     0.6442    82.7016   222.8000   203.6000   226.4000
   428     0.9820     0.6649    84.0970   222.8000   197.7920   226.4000
   429     0.9820     0.7139    83.5275   222.8000   202.6560   226.4000
   430     0.9820     0.6894    83.2754   222.8000   209.7360   226.4000
   431     0.9820     0.6373    81.6619   222.8000   201.0320   226.4000
   432     0.9820     0.6650    81.1972   222.8000   206.2320   226.4000
   433     0.9820     0.6426    81.8501   222.8000   197.3680   226.4000
   434     0.9820     0.5723    80.4780   222.8000   192.7280   226.4000
   435     0.9820     0.6626    79.0973   222.8000   206.5600   226.4000
   436     0.9820     0.6364    77.8408   222.8000   202.4160   226.4000
   437     0.9820     0.6566    81.5084   222.8000   201.5680   226.4000
   438     0.9820     0.6353    81.7745   223.6000   202.4800   226.4000
   439     0.9820     0.6640    83.0042   222.8000   209.7680   226.4000
   440     0.9820     0.6356    83.6287   222.8000   206.8960   226.4000
   441     0.9820     0.6482    81.8340   222.8000   200.0800   226.4000
   442     0.9820     0.6571    81.0122   222.8000   209.6800   226.4000
   443     0.9820     0.6365    81.8235   222.8000   201.3280   226.4000
   444     0.9820     0.6405    80.6875   222.8000   205.2560   226.4000
   445     0.9820     0.6743    80.1146   222.8000   202.6080   226.4000
   446     0.9820     0.6399    82.3027   222.8000   202.0720   226.4000
   447     0.9820     0.6666    81.1592   223.6000   204.4880   226.4000
   448     0.9820     0.6757    83.2049   222.8000   204.7440   226.4000
   449     0.9820     0.6779    82.2619   222.8000   204.3440   226.4000
   450     0.9820     0.6367    82.1344   222.8000   206.9120   226.4000
   451     0.9820     0.6810    80.3151   222.8000   205.9280   226.4000
   452     0.9820     0.7003    81.3453   222.8000   202.2640   226.4000
   453     0.9820     0.6799    80.1081   222.8000   209.5280   226.4000
   454     0.9820     0.6711    79.5167   222.8000   208.4480   226.4000
   455     0.9820     0.6830    78.7672   222.8000   207.2240   226.4000
   456     0.9820     0.6923    79.1631   222.8000   204.5920   226.4000
   457     0.9820     0.6573    80.1951   222.8000   203.1120   226.4000
   458     0.9820     0.6492    77.0175   222.8000   209.1200   226.4000
   459     0.9820     0.6700    79.0300   222.8000   203.8000   226.4000
   460     0.9820     0.6778    78.9540   222.8000   206.6960   226.4000
   461     0.9820     0.6446    78.7007   222.8000   207.2480   226.4000
   462     0.9820     0.6626    78.9414   222.8000   206.8800   226.4000
   463     0.9820     0.6510    79.4284   222.8000   206.9360   226.4000
   464     0.9820     0.6597    80.9027   222.8000   200.1600   226.4000
   465     0.9820     0.7146    81.9195   222.8000   211.4480   226.4000
   466     0.9820     0.6787    82.2715   222.8000   206.6000   226.4000
   467     0.9820     0.6778    85.1618   222.8000   200.8800   226.4000
   468     0.9820     0.6526    84.5336   222.8000   200.0800   226.4000
   469     0.9820     0.6905    84.7788   222.8000   200.8400   226.4000
   470     0.9820     0.6717    83.9007   222.8000   200.8000   226.4000
   471     0.9820     0.6805    81.3664   222.8000   201.9520   226.4000
   472     0.9820     0.6949    78.4986   222.8000   202.0720   226.4000
   473     0.9820     0.6803    79.9224   222.8000   204.4240   226.4000
   474     0.9820     0.6658    78.4426   222.8000   204.9920   226.4000
   475     0.9820     0.6619    80.1922   222.8000   200.4560   226.4000
   476     0.9820     0.6703    83.0300   222.8000   205.5520   226.4000
   477     0.9820     0.6795    84.3185   222.8000   201.5840   226.4000
   478     0.9820     0.6603    81.2589   222.8000   204.4560   226.4000
   479     0.9820     0.6517    83.4908   222.8000   200.9600   226.4000
   480     0.9820     0.7216    84.5399   222.8000   204.9440   226.4000
   481     0.9820     0.7023    83.3205   222.8000   205.5760   226.4000
   482     0.9820     0.6638    80.8335   222.8000   204.3280   226.4000
   483     0.9820     0.6884    81.1592   222.8000   205.1520   226.4000
   484     0.9820     0.6872    83.5657   222.8000   206.5040   226.4000
   485     0.9820     0.6441    84.7531   222.8000   204.7680   226.4000
   486     0.9820     0.6627    85.4999   222.8000   203.0400   226.4000
   487     0.9820     0.6344    84.4433   222.8000   200.6240   226.4000
   488     0.9820     0.6032    81.4522   222.8000   198.2720   226.4000
   489     0.9820     0.6309    83.1620   222.8000   207.2240   226.4000
   490     0.9820     0.6542    83.1249   222.8000   203.3680   226.4000
   491     0.9820     0.6508    79.1252   222.8000   208.7120   226.4000
   492     0.9820     0.6067    80.7055   222.8000   203.0160   226.4000
   493     0.9820     0.6463    79.6860   222.8000   206.9760   226.4000
   494     0.9820     0.6387    81.6199   222.8000   201.9280   226.4000
   495     0.9820     0.6143    81.4273   222.8000   198.0320   226.4000
   496     0.9820     0.7017    84.0774   222.8000   206.6800   226.4000
   497     0.9820     0.6509    84.1133   222.8000   203.3360   226.4000
   498     0.9820     0.6646    83.4083   222.8000   203.1520   226.4000
   499     0.9820     0.6616    84.3048   222.8000   205.5360   226.4000
   500     0.9820     0.6656    82.6344   222.8000   205.1840   226.4000
   501     0.9820     0.6546    82.3020   222.8000   205.1200   226.4000
   502     0.9820     0.6344    82.6240   222.8000   201.1680   226.4000
   503     0.9820     0.6651    85.0704   222.8000   206.3200   226.4000
   504     0.9820     0.6346    86.6142   222.8000   204.7280   226.4000
   505     0.9820     0.6853    86.2142   222.8000   206.6880   226.4000
   506     0.9820     0.7052    83.3765   222.8000   208.4000   226.4000
   507     0.9820     0.6943    84.1158   222.8000   207.6480   226.4000
   508     0.9820     0.7038    85.0413   222.8000   207.2880   226.4000
   509     0.9820     0.6414    82.0570   222.8000   203.3040   226.4000
   510     0.9820     0.6502    82.8594   222.8000   204.8880   226.4000
   511     0.9820     0.6490    81.8222   222.8000   206.4480   226.4000
   512     0.9820     0.6208    81.8240   222.8000   206.8640   226.4000
   513     0.9820     0.6809    81.9226   222.8000   209.2160   226.4000
   514     0.9820     0.6766    79.1646   222.8000   204.9840   226.4000
   515     0.9820     0.6127    79.1646   222.8000   204.1520   226.4000
   516     0.9820     0.6516    78.5496   222.8000   204.3840   226.4000
   517     0.9820     0.6212    77.9180   222.8000   199.6640   226.4000
   518     0.9820     0.6248    78.6021   222.8000   207.6000   226.4000
   519     0.9820     0.6537    78.2338   222.8000   205.4880   226.4000
   520     0.9820     0.6399    80.9051   222.8000   195.6960   226.4000
   521     0.9820     0.6730    81.3527   222.8000   201.6080   226.4000
   522     0.9820     0.6530    81.4269   222.8000   209.6480   226.4000
   523     0.9820     0.6535    79.7386   222.8000   207.4960   226.4000
   524     0.9820     0.6073    80.1337   222.8000   200.9040   226.4000
   525     0.9820     0.5791    79.9081   222.8000   202.9200   226.4000
   526     0.9820     0.6338    79.0083   222.8000   198.1920   226.4000
   527     0.9820     0.7073    80.4007   222.8000   204.5200   226.4000
   528     0.9820     0.6814    80.2036   222.8000   209.0720   226.4000
   529     0.9820     0.6772    81.1732   222.8000   201.3280   226.4000
   530     0.9820     0.6297    82.6299   222.8000   202.2400   226.4000
   531     0.9820     0.6453    79.7481   222.8000   207.1200   226.4000
   532     0.9820     0.6351    80.3878   222.8000   207.4320   226.4000
   533     0.9820     0.6377    78.7770   222.8000   209.3920   226.4000
   534     0.9820     0.6671    79.5825   222.8000   203.5120   226.4000
   535     0.9820     0.6179    77.5087   222.8000   199.0160   226.4000
   536     0.9820     0.6511    78.3019   222.8000   206.7760   226.4000
   537     0.9820     0.6595    80.5851   222.8000   208.4240   226.4000
   538     0.9820     0.6538    82.7185   222.8000   202.3200   226.4000
   539     0.9820     0.6890    82.6390   222.8000   201.6080   226.4000
   540     0.9820     0.6690    80.2091   222.8000   209.6560   226.4000
   541     0.9820     0.6215    78.6883   222.8000   206.6640   226.4000
   542     0.9820     0.7033    79.3600   222.8000   210.6000   226.4000
   543     0.9820     0.6975    80.9035   222.8000   204.9760   226.4000
   544     0.9820     0.6235    78.5781   222.8000   205.1200   226.4000
   545     0.9820     0.6362    75.8896   222.8000   210.5600   226.4000
   546     0.9820     0.6196    80.9585   222.8000   200.3200   226.4000
   547     0.9820     0.6465    82.6981   222.8000   203.9360   226.4000
   548     0.9820     0.6346    83.7664   222.8000   204.0480   226.4000
   549     0.9820     0.6687    82.6686   222.8000   202.7040   226.4000
   550     0.9820     0.6705    81.7949   222.8000   209.2000   226.4000
   551     0.9820     0.6345    82.4642   222.8000   196.8880   226.4000
   552     0.9820     0.6364    83.2929   222.8000   200.8880   226.4000
   553     0.9820     0.6515    83.4537   222.8000   204.5040   226.4000
   554     0.9820     0.6764    83.0088   222.8000   206.8320   226.4000
   555     0.9820     0.6466    81.8860   222.8000   210.0960   226.4000
   556     0.9820     0.6978    85.1247   222.8000   200.7280   226.4000
   557     0.9820     0.6402    83.2952   222.8000   199.2400   226.4000
   558     0.9820     0.6072    83.7938   222.8000   201.9120   226.4000
   559     0.9820     0.6245    84.5936   222.8000   196.9680   226.4000
   560     0.9820     0.5891    83.9657   222.8000   196.2480   226.4000
   561     0.9820     0.5992    82.3691   222.8000   200.2240   226.4000
   562     0.9820     0.6693    86.2996   222.8000   201.8960   226.4000
   563     0.9820     0.6487    85.3657   222.8000   201.7040   226.4000
   564     0.9820     0.6412    84.3843   222.8000   204.1280   226.4000
   565     0.9820     0.6941    87.0150   222.8000   202.0560   226.4000
   566     0.9820     0.7058    86.0106   222.8000   203.6160   226.4000
   567     0.9820     0.6331    87.4408   223.6000   202.0080   226.4000
   568     0.9820     0.6359    88.3283   222.8000   203.8000   226.4000
   569     0.9820     0.6999    91.4584   222.8000   203.2480   226.4000
   570     0.9820     0.7318    90.5595   222.8000   207.0000   226.4000
   571     0.9820     0.6535    90.0137   222.8000   208.4400   226.4000
   572     0.9820     0.6925    90.9159   222.8000   199.8080   226.4000
   573     0.9820     0.6676    89.0281   222.8000   206.9920   226.4000
   574     0.9820     0.6566    87.4988   222.8000   204.4480   226.4000
   575     0.9820     0.6442    87.7265   222.8000   200.7360   226.4000
   576     0.9820     0.6321    85.1205   222.8000   203.3360   226.4000
   577     0.9820     0.6572    87.1291   222.8000   202.5440   226.4000
   578     0.9820     0.6643    89.5447   222.8000   200.4240   226.4000
   579     0.9820     0.6693    90.0034   222.8000   201.9360   226.4000
   580     0.9820     0.6990    88.1154   222.8000   200.4640   226.4000
   581     0.9820     0.6775    89.2589   222.8000   207.0800   226.4000
   582     0.9820     0.6865    87.8008   222.8000   203.4320   226.4000
   583     0.9820     0.6495    86.9497   222.8000   200.1040   226.4000
   584     0.9820     0.6665    88.6776   222.8000   207.6400   226.4000
   585     0.9820     0.6842    87.1122   222.8000   203.7920   226.4000
   586     0.9820     0.6987    87.6676   222.8000   207.0720   226.4000
   587     0.9820     0.6062    88.2882   222.8000   202.6160   226.4000
   588     0.9820     0.6713    85.0176   222.8000   205.0640   226.4000
   589     0.9820     0.6554    87.0854   222.8000   203.2800   226.4000
   590     0.9820     0.6581    86.2916   222.8000   205.2640   226.4000
   591     0.9820     0.6768    84.5120   222.8000   205.0320   226.4000
   592     0.9820     0.6075    83.8506   222.8000   203.3200   226.4000
   593     0.9820     0.6354    83.7112   222.8000   204.1360   226.4000
   594     0.9820     0.6763    82.9164   222.8000   202.4400   226.4000
   595     0.9820     0.6822    81.9278   222.8000   207.6080   226.4000
   596     0.9820     0.6359    81.4258   222.8000   202.3200   226.4000
   597     0.9820     0.6956    81.7582   222.8000   208.0640   226.4000
   598     0.9820     0.6561    80.6108   222.8000   202.3680   226.4000
   599     0.9820     0.6653    83.9654   222.8000   205.9680   226.4000
   600     0.9820     0.6797    82.3104   222.8000   204.2960   226.4000
   601     0.9820     0.7204    83.4127   222.8000   203.9840   226.4000
   602     0.9820     0.5975    81.3029   222.8000   211.4080   226.4000
   603     0.9820     0.6772    84.2232   222.8000   202.7440   226.4000
   604     0.9820     0.6508    84.5690   222.8000   207.3600   226.4000
   605     0.9820     0.6347    86.3745   222.8000   205.0800   226.4000
   606     0.9820     0.6954    87.8901   222.8000   204.5680   226.4000
   607     0.9820     0.6715    87.9731   222.8000   202.9200   226.4000
   608     0.9820     0.6687    89.0106   222.8000   203.9040   226.4000
   609     0.9820     0.6879    85.4709   222.8000   206.8800   226.4000
   610     0.9820     0.6888    86.0297   222.8000   201.8080   226.4000
   611     0.9820     0.6433    83.7246   222.8000   198.2080   226.4000
   612     0.9820     0.6722    84.6109   222.8000   198.9840   226.4000
   613     0.9820     0.6618    83.8376   222.8000   206.4160   226.4000
   614     0.9820     0.6563    84.1424   222.8000   211.4400   226.4000
   615     0.9820     0.6950    85.9131   222.8000   209.6400   226.4000
   616     0.9820     0.7028    85.8072   222.8000   212.4080   226.4000
   617     0.9820     0.6856    85.1195   222.8000   206.5600   226.4000
   618     0.9820     0.6924    86.7677   222.8000   205.5360   226.4000
   619     0.9820     0.6640    86.5365   222.8000   205.6160   226.4000
   620     0.9820     0.6796    89.0934   222.8000   208.5520   226.4000
   621     0.9820     0.6226    85.7233   222.8000   203.3760   226.4000
   622     0.9820     0.6605    87.6083   222.8000   206.7760   226.4000
   623     0.9820     0.6946    88.8423   222.8000   206.0640   226.4000
   624     0.9820     0.6515    88.3277   222.8000   203.5280   226.4000
   625     0.9820     0.6636    86.4186   222.8000   204.5680   226.4000
   626     0.9820     0.6605    86.3068   222.8000   207.3120   226.4000
   627     0.9820     0.6775    88.3902   222.8000   210.2480   226.4000
   628     0.9820     0.6558    87.9530   222.8000   213.9600   226.4000
   629     0.9820     0.6766    88.9786   222.8000   207.5520   226.4000
   630     0.9820     0.6281    87.8612   222.8000   203.0320   226.4000
   631     0.9820     0.7065    91.7489   222.8000   207.8320   226.4000
   632     0.9820     0.6453    89.5879   222.8000   202.7040   226.4000
   633     0.9820     0.7088    94.1318   222.8000   204.0000   226.4000
   634     0.9820     0.7274    94.0735   222.8000   209.0800   226.4000
   635     0.9820     0.7036    94.6878   222.8000   208.4160   226.4000
   636     0.9820     0.7066    95.3407   222.8000   205.6560   226.4000
   637     0.9820     0.6983    93.4322   222.8000   207.4080   226.4000
   638     0.9820     0.7213    93.9438   223.6000   207.6320   226.4000
   639     0.9820     0.6984    95.2611   222.8000   203.4720   226.4000
   640     0.9820     0.7107    93.9086   222.8000   208.3200   226.4000
   641     0.9820     0.6812    94.1277   222.8000   208.6720   226.4000
   642     0.9820     0.7051    92.9566   222.8000   204.6720   226.4000
   643     0.9820     0.7176    95.2718   222.8000   207.6000   226.4000
   644     0.9820     0.6408    89.9136   222.8000   211.6000   226.4000
   645     0.9820     0.7062    93.6111   222.8000   210.9200   226.4000
   646     0.9820     0.6614    90.8183   222.8000   210.8640   226.4000
   647     0.9820     0.6980    90.8606   222.8000   205.6080   226.4000
   648     0.9820     0.7038    89.7355   222.8000   204.6880   226.4000
   649     0.9820     0.7288    89.4150   222.8000   211.7840   226.4000
   650     0.9820     0.6950    88.3277   222.8000   209.8160   226.4000
   651     0.9820     0.6352    89.9961   222.8000   201.6160   226.4000
   652     0.9820     0.6488    90.4057   222.8000   204.1280   226.4000
   653     0.9820     0.6640    88.6227   222.8000   206.9280   226.4000
   654     0.9820     0.6962    91.7760   222.8000   207.7600   226.4000
   655     0.9820     0.6751    92.4922   222.8000   206.2160   226.4000
   656     0.9820     0.6991    94.9927   222.8000   204.7600   226.4000
   657     0.9820     0.6890    94.6549   222.8000   200.8960   226.4000
   658     0.9820     0.6737    92.1773   222.8000   208.6400   226.4000
   659     0.9820     0.7225    93.7843   222.8000   207.2000   226.4000
   660     0.9820     0.6376    89.3755   222.8000   201.1760   226.4000
   661     0.9820     0.6862    91.4833   222.8000   199.5920   226.4000
   662     0.9820     0.6548    90.4189   222.8000   206.2960   226.4000
   663     0.9820     0.6278    89.7251   222.8000   196.5280   226.4000
   664     0.9820     0.6973    91.4444   222.8000   202.7600   226.4000
   665     0.9820     0.7227    91.8583   222.8000   204.7120   226.4000
   666     0.9820     0.6860    91.4274   222.8000   205.9440   226.4000
   667     0.9820     0.6717    90.6090   222.8000   207.8800   226.4000
   668     0.9820     0.7198    88.4607   222.8000   211.4400   226.4000
   669     0.9820     0.7042    88.6823   222.8000   201.8880   226.4000
   670     0.9820     0.6554    91.0606   222.8000   208.2080   226.4000
   671     0.9820     0.6394    91.3566   222.8000   201.7360   226.4000
   672     0.9820     0.7028    91.7855   222.8000   201.4560   226.4000
   673     0.9820     0.6687    88.0180   222.8000   206.2400   226.4000
   674     0.9820     0.6483    90.5873   222.8000   196.9520   226.4000
   675     0.9820     0.6375    88.9736   222.8000   196.3920   226.4000
   676     0.9820     0.6550    89.0395   222.8000   202.6880   226.4000
   677     0.9820     0.6868    89.5078   222.8000   207.2320   226.4000
   678     0.9820     0.6793    91.2521   222.8000   200.4480   226.4000
   679     0.9820     0.6442    87.8478   222.8000   203.1760   226.4000
   680     0.9820     0.6724    86.8438   222.8000   208.3040   226.4000
   681     0.9820     0.7133    89.2405   222.8000   210.9040   226.4000
   682     0.9820     0.6433    90.1334   222.8000   206.4240   226.4000
   683     0.9820     0.6952    92.4160   222.8000   214.4880   226.4000
   684     0.9820     0.6854    91.5742   222.8000   212.3120   226.4000
   685     0.9820     0.6841    91.2222   222.8000   205.9680   226.4000
   686     0.9820     0.6757    88.1598   222.8000   208.2880   226.4000
   687     0.9820     0.6995    89.1221   222.8000   205.5600   226.4000
   688     0.9820     0.6612    87.2485   222.8000   201.6560   226.4000
   689     0.9820     0.6581    84.4895   222.8000   207.9520   226.4000
   690     0.9820     0.6585    83.9399   222.8000   203.3680   226.4000
   691     0.9820     0.6751    85.9561   222.8000   199.9520   226.4000
   692     0.9820     0.6855    84.9051   222.8000   209.0000   226.4000
   693     0.9820     0.6209    83.7047   222.8000   202.0080   226.4000
   694     0.9820     0.6832    83.8188   222.8000   205.6560   226.4000
   695     0.9820     0.6768    85.6563   222.8000   208.9280   226.4000
   696     0.9820     0.6845    85.4857   222.8000   204.8560   226.4000
   697     0.9820     0.6854    87.4482   222.8000   203.9280   226.4000
   698     0.9820     0.6986    84.8204   222.8000   204.5280   226.4000
   699     0.9820     0.6482    84.3673   222.8000   200.9760   226.4000
   700     0.9820     0.6785    81.6540   222.8000   206.6240   226.4000
   701     0.9820     0.6026    80.5776   222.8000   197.5840   226.4000
   702     0.9651     0.6383    79.9184   222.8000   203.6400   226.4000
   703     0.9820     0.6666    81.2170   222.8000   201.9440   226.4000
   704     0.9820     0.6427    80.6727   222.8000   203.2160   226.4000
   705     0.9820     0.6637    83.3520   222.8000   203.0160   226.4000
   706     0.9820     0.6644    81.3422   222.8000   206.9360   226.4000
   707     0.9820     0.6729    84.1600   222.8000   203.7040   226.4000
   708     0.9820     0.6334    84.4926   222.8000   201.1520   226.4000
   709     0.9820     0.6594    85.3336   222.8000   206.3040   226.4000
   710     0.9820     0.6364    87.0454   222.8000   202.8560   226.4000
   711     0.9820     0.6471    85.9592   222.8000   203.0480   226.4000
   712     0.9709     0.6438    85.6645   222.8000   198.5680   226.4000
   713     0.9820     0.6217    84.6493   222.8000   206.4720   226.4000
   714     0.9820     0.6452    85.6398   222.8000   203.3520   226.4000
   715     0.9820     0.6663    87.0327   222.8000   200.2560   226.4000
   716     0.9820     0.6928    85.0219   222.8000   198.4000   226.4000
   717     0.9820     0.6629    84.6214   222.8000   200.1920   226.4000
   718     0.9820     0.6228    85.8028   222.8000   205.7680   226.4000
   719     0.9820     0.6386    86.8926   222.8000   204.2720   226.4000
   720     0.9820     0.6193    85.8731   222.8000   205.3120   226.4000
   721     0.9820     0.5789    83.6735   222.8000   207.4880   226.4000
   722     0.9820     0.6222    84.1192   222.8000   202.2000   226.4000
   723     0.9820     0.6414    83.1709   222.8000   204.5840   226.4000
   724     0.9820     0.6514    83.5437   222.8000   204.6800   226.4000
   725     0.9820     0.6918    87.8647   222.8000   202.3040   226.4000
   726     0.9820     0.6536    82.6119   222.8000   201.4960   226.4000
   727     0.9820     0.6347    83.5190   222.8000   201.2080   226.4000
   728     0.9820     0.6295    82.9029   222.8000   201.2000   226.4000
   729     0.9820     0.6175    80.5491   222.8000   196.4240   226.4000
   730     0.9820     0.6206    80.3958   222.8000   198.7920   226.4000
   731     0.9820     0.6937    80.8230   222.8000   205.6480   226.4000
   732     0.9820     0.6403    81.2728   222.8000   210.0800   226.4000
   733     0.9820     0.6279    82.2470   222.8000   201.5680   226.4000
   734     0.9820     0.6742    83.6090   222.8000   204.7200   226.4000
   735     0.9820     0.6577    85.7780   222.8000   205.1280   226.4000
   736     0.9820     0.6867    85.5092   222.8000   208.3120   226.4000
   737     0.9820     0.6687    84.0893   222.8000   203.4720   226.4000
   738     0.9820     0.6491    82.7665   222.8000   202.1840   226.4000
   739     0.9820     0.6718    83.3576   222.8000   201.0320   226.4000
   740     0.9820     0.6296    86.6225   222.8000   202.7600   226.4000
   741     0.9820     0.6887    88.0229   222.8000   203.6240   226.4000
   742     0.9820     0.6713    88.5100   222.8000   200.0080   226.4000
   743     0.9820     0.6570    87.1802   222.8000   197.8960   226.4000
   744     0.9820     0.6434    85.9866   222.8000   202.4000   226.4000
   745     0.9820     0.6551    85.3306   222.8000   204.5280   226.4000
   746     0.9820     0.7133    83.0434   222.8000   209.3440   226.4000
   747     0.9820     0.6289    82.4544   222.8000   200.5680   226.4000
   748     0.9820     0.6576    81.5148   222.8000   202.8720   226.4000
   749     0.9820     0.6834    82.9504   222.8000   204.5120   226.4000
   750     0.9820     0.6675    83.3112   222.8000   197.4080   226.4000
   751     0.9820     0.6287    79.8715   222.8000   208.2800   226.4000
   752     0.9820     0.6588    81.7863   222.8000   201.9200   226.4000
   753     0.9820     0.6748    81.1842   222.8000   205.0880   226.4000
   754     0.9820     0.6387    81.6513   222.8000   196.7440   226.4000
   755     0.9820     0.5868    81.6906   222.8000   193.5920   226.4000
   756     0.9820     0.6022    82.1631   222.8000   198.9600   226.4000
   757     0.9820     0.6004    85.3265   222.8000   198.9600   226.4000
   758     0.9820     0.6562    84.1522   222.8000   200.7840   226.4000
   759     0.9820     0.6059    79.6428   222.8000   199.9920   226.4000
   760     0.9820     0.6405    79.7726   222.8000   208.3040   226.4000
   761     0.9820     0.6415    81.9672   222.8000   206.6560   226.4000
   762     0.9820     0.6177    81.7847   222.8000   201.6800   226.4000
   763     0.9820     0.5853    79.5639   222.8000   202.5760   226.4000
   764     0.9820     0.7035    81.8563   222.8000   205.7840   226.4000
   765     0.9820     0.6505    83.5910   222.8000   206.1920   226.4000
   766     0.9820     0.6781    80.0847   222.8000   206.9680   226.4000
   767     0.9820     0.6394    79.4984   222.8000   204.0880   226.4000
   768     0.9820     0.6837    78.0540   222.8000   212.4800   226.4000
   769     0.9820     0.6577    82.5793   222.8000   197.3440   226.4000
   770     0.9820     0.6672    84.6072   222.8000   207.1520   226.4000
   771     0.9820     0.6871    83.3437   222.8000   203.4960   226.4000
   772     0.9820     0.6749    82.4934   222.8000   203.1360   226.4000
   773     0.9820     0.6661    82.6096   222.8000   200.2320   226.4000
   774     0.9820     0.6538    80.4619   222.8000   203.9280   226.4000
   775     0.9820     0.6445    81.3347   222.8000   202.7520   226.4000
   776     0.9820     0.6200    79.6286   222.8000   204.5440   226.4000
   777     0.9820     0.6717    82.8913   222.8000   205.4400   226.4000
   778     0.9820     0.7120    83.6005   222.8000   206.7600   226.4000
   779     0.9820     0.6938    83.9763   222.8000   208.5760   226.4000
   780     0.9820     0.6614    85.3020   222.8000   200.9520   226.4000
   781     0.9820     0.6736    82.6818   222.8000   204.8720   226.4000
   782     0.9820     0.6835    84.8057   222.8000   205.5200   226.4000
   783     0.9820     0.6297    83.8235   222.8000   202.2080   226.4000
   784     0.9820     0.6309    83.4673   222.8000   203.9200   226.4000
   785     0.9820     0.6940    81.5582   222.8000   201.0400   226.4000
   786     0.9820     0.6519    78.3788   222.8000   205.2640   226.4000
   787     0.9820     0.7194    80.2793   222.8000   212.3520   226.4000
   788     0.9820     0.6927    82.5455   222.8000   206.8480   226.4000
   789     0.9820     0.6581    83.6349   222.8000   201.7760   226.4000
   790     0.9820     0.6547    82.1437   222.8000   204.2720   226.4000
   791     0.9820     0.6706    84.2802   222.8000   205.3120   226.4000
   792     0.9820     0.6894    85.0318   222.8000   196.3760   226.4000
   793     0.9820     0.6712    84.4416   222.8000   202.2320   226.4000
   794     0.9820     0.6151    82.4663   222.8000   192.7440   226.4000
   795     0.9820     0.6653    80.7060   222.8000   206.9120   226.4000
   796     0.9820     0.6900    80.1719   222.8000   206.2080   226.4000
   797     0.9820     0.6622    80.8998   222.8000   205.3680   226.4000
   798     0.9820     0.7013    79.5357   222.8000   206.5360   226.4000
   799     0.9820     0.6317    78.1301   222.8000   201.5680   226.4000
   800     0.9820     0.6810    79.3220   222.8000   203.9600   226.4000
   801     0.9820     0.6711    79.4485   222.8000   202.5200   226.4000
   802     0.9820     0.6514    80.9600   222.8000   200.1440   226.4000
   803     0.9820     0.6343    79.7886   222.8000   196.8240   226.4000
   804     0.9820     0.6434    79.5298   222.8000   207.5920   226.4000
   805     0.9820     0.5849    81.5174   224.4000   197.2560   226.4000
   806     0.9820     0.6435    80.0700   222.8000   204.4240   226.4000
   807     0.9820     0.6654    80.2341   222.8000   207.7360   226.4000
   808     0.9820     0.6649    81.1486   222.8000   202.3680   226.4000
   809     0.9820     0.6501    79.1771   222.8000   203.6640   226.4000
   810     0.9820     0.6600    81.2869   222.8000   203.7360   226.4000
   811     0.9820     0.6521    81.9651   225.6000   205.3520   226.4000
   812     0.9820     0.6517    82.4950   222.8000   205.1600   226.4000
   813     0.9820     0.6859    82.6344   222.8000   201.7040   226.4000
   814     0.9820     0.6553    81.7316   222.8000   207.2560   226.4000
   815     0.9820     0.6760    84.6831   222.8000   209.5280   226.4000
   816     0.9820     0.7073    85.8242   222.8000   199.9120   226.4000
   817     0.9820     0.6916    84.2730   222.8000   203.7760   226.4000
   818     0.9820     0.6763    83.9393   222.8000   207.3120   226.4000
   819     0.9902     0.6736    84.0942   224.4000   208.2160   226.4000
   820     0.9820     0.7074    84.9881   224.4000   208.2240   226.4000
   821     0.9820     0.6981    84.0684   222.8000   202.7680   226.4000
   822     0.9820     0.7328    84.8181   222.8000   203.3840   226.4000
   823     0.9820     0.6387    82.3371   222.8000   202.9760   226.4000
   824     0.9820     0.6705    83.7742   222.8000   203.3920   226.4000
   825     0.9820     0.6807    85.9750   222.8000   203.8240   226.4000
   826     0.9820     0.6722    85.0890   222.8000   206.8720   226.4000
   827     0.9820     0.6752    85.5056   222.8000   204.0960   226.4000
   828     0.9820     0.6783    86.5295   222.8000   205.4080   226.4000
   829     0.9820     0.6840    84.9763   222.8000   205.0400   226.4000
   830     0.9820     0.6917    85.7287   222.8000   204.7840   226.4000
   831     0.9820     0.6893    85.8638   222.8000   209.2240   226.4000
   832     0.9820     0.6525    87.6142   222.8000   201.9280   226.4000
   833     0.9820     0.6632    84.6955   222.8000   200.2080   226.4000
   834     0.9820     0.7058    85.1765   222.8000   202.5360   226.4000
   835     0.9820     0.6867    84.4712   222.8000   203.6880   226.4000
   836     0.9820     0.6641    85.6286   222.8000   210.8960   226.4000
   837     0.9820     0.6999    86.4865   222.8000   207.6640   226.4000
   838     0.9820     0.7412    87.4622   222.8000   205.8800   226.4000
   839     0.9820     0.6881    87.9048   222.8000   209.4400   226.4000
   840     0.9820     0.6529    87.5817   222.8000   210.0960   226.4000
   841     0.9820     0.6381    89.5154   222.8000   199.8240   226.4000
   842     0.9820     0.6795    91.4593   222.8000   206.5520   226.4000
   843     0.9820     0.7098    91.6289   222.8000   205.9920   226.4000
   844     0.9820     0.6698    91.9876   222.8000   198.6720   226.4000
   845     0.9820     0.6587    92.0475   222.8000   202.0640   226.4000
   846     0.9820     0.7004    89.8947   222.8000   203.1040   226.4000
   847     0.9820     0.7035    89.4328   222.8000   202.1680   226.4000
   848     0.9820     0.6658    88.7260   222.8000   204.1760   226.4000
   849     0.9820     0.6976    90.3229   222.8000   199.9440   226.4000
   850     0.9820     0.6801    88.6691   222.8000   204.6640   226.4000
   851     0.9820     0.6522    89.0960   222.8000   205.4880   226.4000
   852     0.9820     0.6824    90.1615   222.8000   207.6800   226.4000
   853     0.9820     0.6312    90.5350   222.8000   201.4880   226.4000
   854     0.9820     0.6456    89.5210   222.8000   206.5680   226.4000
   855     0.9820     0.6301    90.3517   222.8000   199.7760   226.4000
   856     0.9820     0.6915    89.0062   222.8000   206.7360   226.4000
   857     0.9820     0.6640    89.4104   222.8000   201.7680   226.4000
   858     0.9820     0.6507    88.7166   222.8000   206.6160   226.4000
   859     0.9820     0.6430    90.3662   222.8000   205.9040   226.4000
   860     0.9820     0.6904    89.9820   222.8000   206.2160   226.4000
   861     0.9820     0.6712    89.7262   222.8000   203.6640   226.4000
   862     0.9820     0.6878    89.2016   222.8000   217.1120   226.4000
   863     0.9820     0.6579    87.0754   222.8000   202.5920   226.4000
   864     0.9902     0.6711    89.7567   224.4000   206.8480   226.4000
   865     0.9820     0.6629    88.4431   224.4000   210.8320   226.4000
   866     0.9902     0.6718    89.9729   224.4000   203.0560   226.4000
   867     0.9902     0.6404    92.9376   224.4000   200.8080   226.4000
   868     0.9902     0.6514    92.1012   224.4000   203.0960   226.4000
   869     0.9902     0.6263    92.4454   224.4000   199.9840   226.4000
   870     0.9902     0.7282    93.4095   224.4000   203.8560   226.4000
   871     0.9902     0.7227    91.1760   224.4000   211.6160   226.4000
   872     0.9902     0.6991    89.5438   224.4000   209.0720   226.4000
   873     0.9902     0.7040    91.0904   224.4000   205.5200   226.4000
   874     0.9902     0.7020    91.6300   224.4000   208.0240   226.4000
   875     0.9902     0.6930    88.5860   224.4000   207.2080   226.4000
   876     0.9902     0.7236    87.2056   224.4000   212.0000   226.4000
   877     0.9902     0.6495    88.0051   224.4000   203.7680   226.4000
   878     0.9902     0.7085    89.9502   224.4000   208.8320   226.4000
   879     0.9902     0.6866    87.6901   224.4000   205.3120   226.4000
   880     0.9902     0.6907    90.1492   224.4000   205.5520   226.4000
   881     0.9902     0.7068    90.6220   224.4000   201.8080   226.4000
   882     0.9902     0.7582    90.4738   224.4000   213.4960   226.4000
   883     0.9902     0.6757    88.3896   224.4000   208.6240   226.4000
   884     0.9902     0.6510    91.6651   224.4000   200.5360   226.4000
   885     0.9902     0.6624    94.3639   224.4000   209.7040   226.4000
   886     0.9902     0.7370    93.0220   224.4000   208.7520   226.4000
   887     0.9902     0.7114    94.7891   224.4000   208.6240   226.4000
   888     0.9902     0.6882    92.1745   224.4000   207.7280   226.4000
   889     0.9902     0.7048    91.7287   224.4000   210.4160   226.4000
   890     0.9902     0.6485    90.0206   224.4000   208.1360   226.4000
   891     0.9902     0.6989    91.8410   224.4000   201.8000   226.4000
   892     0.9902     0.7015    93.6013   224.4000   202.4560   226.4000
   893     0.9902     0.7078    92.5770   224.4000   204.7440   226.4000
   894     0.9902     0.7024    90.4918   224.4000   206.9680   226.4000
   895     0.9902     0.7140    89.2247   224.4000   207.4320   226.4000
   896     0.9902     0.7094    89.5979   224.4000   210.4080   226.4000
   897     0.9902     0.6840    88.1853   224.4000   204.7200   226.4000
   898     0.9902     0.6571    87.6918   224.4000   204.0160   226.4000
   899     0.9902     0.7279    91.8211   224.4000   207.1200   226.4000
   900     0.9902     0.7398    92.2712   224.4000   209.9840   226.4000
   901     0.9902     0.6685    88.6296   224.4000   206.7200   226.4000
   902     0.9902     0.6522    88.1971   224.4000   198.0480   226.4000
   903     0.9902     0.6763    89.0113   224.4000   196.4240   226.4000
   904     0.9902     0.7138    88.4266   224.4000   202.9680   226.4000
   905     0.9902     0.6868    91.6034   224.4000   196.4800   226.4000
   906     0.9902     0.6642    87.9326   224.4000   208.1040   226.4000
   907     0.9902     0.6586    89.7675   224.4000   206.2320   226.4000
   908     0.9902     0.6513    87.1197   224.4000   205.6560   226.4000
   909     0.9902     0.7029    86.7283   224.4000   209.5440   226.4000
   910     0.9902     0.6154    86.4026   224.4000   194.5920   226.4000
   911     0.9902     0.6859    88.2664   224.4000   199.3200   226.4000
   912     0.9902     0.6681    88.0511   224.4000   206.6160   226.4000
   913     0.9902     0.7021    90.1391   224.4000   208.6880   226.4000
   914     0.9902     0.6697    89.4093   224.4000   210.0960   226.4000
   915     0.9902     0.6696    88.7081   224.4000   203.2720   226.4000
   916     0.9902     0.6303    89.7461   224.4000   202.9040   226.4000
   917     0.9902     0.6902    89.4082   224.4000   207.4480   226.4000
   918     0.9902     0.7290    90.2663   224.4000   214.1280   226.4000
   919     0.9902     0.6838    90.8333   224.4000   204.0080   226.4000
   920     0.9902     0.7026    89.6815   224.4000   204.4640   226.4000
   921     0.9902     0.7356    89.7899   224.4000   209.5280   226.4000
   922     0.9902     0.6982    87.7032   224.4000   209.4160   226.4000
   923     0.9902     0.7082    86.0199   224.4000   210.0560   226.4000
   924     0.9902     0.6415    85.8735   224.4000   207.0640   226.4000
   925     0.9902     0.6655    85.7535   224.4000   206.9520   226.4000
   926     0.9902     0.7199    85.2495   224.4000   205.8960   226.4000
   927     0.9902     0.6577    86.1502   224.4000   199.8480   226.4000
   928     0.9902     0.6635    82.7304   224.4000   199.9600   226.4000
   929     0.9902     0.6587    82.6818   224.4000   202.3760   226.4000
   930     0.9902     0.6067    81.7567   224.4000   200.0560   226.4000
   931     0.9902     0.6234    82.4674   224.4000   203.7600   226.4000
   932     0.9902     0.6920    84.3905   224.4000   206.8480   226.4000
   933     0.9902     0.6854    85.5913   224.4000   209.2960   226.4000
   934     0.9902     0.6579    85.5280   224.4000   203.9440   226.4000
   935     0.9902     0.6428    84.2142   224.4000   205.3360   226.4000
   936     0.9902     0.6162    83.9167   224.4000   205.8320   226.4000
   937     0.9902     0.7133    84.3595   224.4000   204.9440   226.4000
   938     0.9902     0.6675    85.1461   224.4000   207.4480   226.4000
   939     0.9902     0.6515    84.3035   224.4000   209.2960   226.4000
   940     0.9902     0.6592    81.4981   224.4000   206.8000   226.4000
   941     0.9902     0.6970    83.6606   224.4000   211.2160   226.4000
   942     0.9902     0.6525    84.1711   224.4000   212.1920   226.4000
   943     0.9902     0.7247    84.9303   224.4000   208.2800   226.4000
   944     0.9902     0.7345    85.1615   224.4000   210.4080   226.4000
   945     0.9902     0.7248    85.9388   224.4000   208.8480   226.4000
   946     0.9902     0.7029    86.7113   224.4000   209.0080   226.4000
   947     0.9902     0.6993    86.5624   224.4000   208.3760   226.4000
   948     0.9902     0.6992    86.2748   224.4000   206.6400   226.4000
   949     0.9902     0.7476    83.3422   224.4000   211.6480   226.4000
   950     0.9902     0.6691    82.8988   224.4000   211.4560   226.4000
   951     0.9902     0.6679    81.1014   224.4000   211.2720   226.4000
   952     0.9902     0.6406    83.0846   224.4000   208.2960   226.4000
   953     0.9902     0.6696    82.7879   224.4000   207.4480   226.4000
   954     0.9902     0.6547    83.5590   224.4000   207.6720   226.4000
   955     0.9902     0.6010    85.3133   224.4000   201.1440   226.4000
   956     0.9902     0.6446    83.2900   224.4000   204.1440   226.4000
   957     0.9902     0.6056    83.4596   224.4000   204.9680   226.4000
   958     0.9902     0.6393    84.9910   224.4000   208.1200   226.4000
   959     0.9902     0.6746    84.5414   224.4000   206.3680   226.4000
   960     0.9902     0.7530    86.4297   224.4000   211.3520   226.4000
   961     0.9902     0.6992    86.0632   224.4000   204.8400   226.4000
   962     0.9902     0.6512    84.3221   224.4000   208.3520   226.4000
   963     0.9902     0.6851    83.5100   224.4000   205.4160   226.4000
   964     0.9902     0.7008    87.2519   224.4000   205.3680   226.4000
   965     0.9902     0.7220    87.0313   224.4000   211.4080   226.4000
   966     0.9902     0.6673    85.8776   224.4000   211.4400   226.4000
   967     0.9902     0.6874    86.3518   224.4000   204.5120   226.4000
   968     0.9902     0.7052    85.6451   224.4000   209.2800   226.4000
   969     0.9902     0.7053    84.3169   224.4000   208.9840   226.4000
   970     0.9902     0.7087    87.1496   224.4000   210.7520   226.4000
   971     0.9902     0.6912    87.5696   224.4000   208.7200   226.4000
   972     0.9902     0.6809    84.1556   224.4000   214.1360   226.4000
   973     0.9902     0.6574    83.0913   224.4000   208.1200   226.4000
   974     0.9902     0.6379    84.4810   224.4000   208.4960   226.4000
   975     0.9902     0.6996    85.7528   224.4000   209.6640   226.4000
   976     0.9902     0.6879    84.8113   224.4000   206.6880   226.4000
   977     0.9902     0.7084    80.9799   224.4000   214.0400   226.4000
   978     0.9902     0.6630    81.7104   224.4000   212.0720   226.4000
   979     0.9902     0.6837    79.7022   224.4000   206.8800   226.4000
   980     0.9902     0.6659    81.0155   224.4000   201.2400   226.4000
   981     0.9902     0.6986    81.2718   224.4000   213.1200   226.4000
   982     0.9902     0.6826    81.9076   224.4000   212.6080   226.4000
   983     0.9902     0.6530    82.4996   224.4000   211.0000   226.4000
   984     0.9902     0.6772    83.5928   224.4000   209.6800   226.4000
   985     0.9902     0.6894    83.6741   224.4000   208.3680   226.4000
   986     0.9902     0.6776    83.4088   224.4000   211.0320   226.4000
   987     0.9902     0.7030    83.6098   224.4000   211.3040   226.4000
   988     0.9902     0.6786    83.3030   224.4000   209.0720   226.4000
   989     0.9902     0.6430    82.1236   224.4000   204.8720   226.4000
   990     0.9902     0.6728    82.3017   224.4000   205.2400   226.4000
   991     0.9902     0.6567    83.3200   224.4000   209.6000   226.4000
   992     0.9902     0.6221    81.4191   224.4000   205.5440   226.4000
   993     0.9902     0.7162    83.0376   224.4000   207.6880   226.4000
   994     0.9902     0.6729    84.7285   224.4000   201.8080   226.4000
   995     0.9902     0.6253    82.8741   224.4000   199.6160   226.4000
   996     0.9902     0.6941    84.1933   224.4000   211.5440   226.4000
   997     0.9902     0.6820    84.8802   224.4000   201.4240   226.4000
   998     0.9902     0.6474    85.1718   224.4000   202.3520   226.4000
   999     0.9902     0.6693    87.3391   224.4000   206.4400   226.4000
  1000     0.9902     0.6726    88.0024   224.4000   210.1360   226.4000
