     1     0.5437     0.4618    63.8844    87.0000    73.8840    87.0000     2.2361
     2     0.5462     0.4615    60.2720    87.4000    77.8320    87.4000     2.2361
     3     0.5776     0.4694    56.1443    93.0000    80.2440    93.0000     2.2361
     4     0.5862     0.4537    53.8570    94.4000    82.7560    94.4000     2.2361
     5     0.5850     0.4835    51.1864    95.2000    84.3160    95.2000     2.2361
     6     0.5950     0.4908    48.4229    95.8000    85.7720    96.6000     2.2361
     7     0.6212     0.5001    46.3990   100.0000    86.9680   100.2000     2.2361
     8     0.6375     0.5046    44.2186   102.2000    88.1680   102.2000     2.2361
     9     0.6513     0.5266    41.3871   104.2000    90.1680   104.2000     2.2361
    10     0.6475     0.5315    40.1690   106.0000    91.7240   106.0000     2.2361
    11     0.6512     0.5415    37.7051   105.6000    93.4880   106.6000     2.2361
    12     0.6563     0.5419    36.4118   106.6000    95.0160   107.2000     2.2361
    13     0.6575     0.5433    34.5016   106.6000    96.4320   107.8000     2.2361
    14     0.6687     0.5482    33.2078   107.2000    97.0520   108.6000     2.2361
    15     0.6837     0.5624    31.8989   110.2000    98.3680   110.6000     2.2361
    16     0.6925     0.5785    29.5432   111.2000    99.7760   111.6000     2.2361
    17     0.6875     0.5810    27.8429   111.6000   101.3440   112.2000     2.2361
    18     0.6875     0.5739    27.4330   111.6000   102.3480   112.6000     2.2361
    19     0.6975     0.5715    26.2087   111.8000   103.7240   113.0000     2.2361
    20     0.7100     0.5736    25.5411   114.8000   103.8200   115.0000     2.2361
    21     0.7300     0.6033    24.7687   117.0000   105.2480   117.0000     2.2361
    22     0.7200     0.5873    24.7576   117.2000   105.8440   117.4000     2.2361
    23     0.7150     0.5758    24.1146   115.8000   106.4600   117.6000     2.2361
    24     0.7375     0.5901    22.9282   118.0000   107.0080   118.6000     2.2361
    25     0.7325     0.5898    21.9832   119.0000   108.4240   119.2000     2.2361
    26     0.7337     0.6049    20.9337   117.8000   108.5960   119.6000     2.2361
    27     0.7387     0.6005    19.4854   119.4000   109.6520   120.6000     2.2361
    28     0.7375     0.6148    19.3136   120.2000   110.3120   121.2000     2.2361
    29     0.7450     0.6131    19.1458   119.8000   111.1480   122.0000     2.2361
    30     0.7462     0.5878    19.6475   120.8000   111.1880   122.2000     2.2361
    31     0.7469     0.6092    19.7396   120.6000   110.9080   122.8000     2.2361
    32     0.7475     0.6189    19.3662   122.4000   111.7160   123.2000     2.2361
    33     0.7462     0.5833    19.0854   121.4000   112.2160   123.4000     2.2361
    34     0.7519     0.5980    19.0467   121.6000   112.4680   123.6000     2.2361
    35     0.7500     0.6055    18.7776   121.2000   112.5920   123.6000     2.2361
    36     0.7458     0.6135    19.0201   121.2000   112.2480   123.6000     2.2361
    37     0.7525     0.6233    19.2960   120.8000   112.1480   124.0000     2.2361
    38     0.7638     0.6139    18.4405   122.8000   113.0040   124.6000     2.2361
    39     0.7638     0.5987    17.9701   123.6000   113.2080   125.0000     2.2361
    40     0.7600     0.5987    18.3066   123.4000   113.6720   125.0000     2.2361
    41     0.7675     0.6465    18.8389   123.2000   113.5120   125.0000     2.2361
    42     0.7563     0.6291    18.5024   124.6000   114.2400   125.8000     2.2361
    43     0.7750     0.6450    18.7138   124.4000   114.0040   126.6000     2.2361
    44     0.7650     0.6488    18.3100   124.2000   115.0360   126.6000     2.2361
    45     0.7675     0.6330    18.2428   123.6000   115.2920   126.6000     2.2361
    46     0.7650     0.6458    17.9154   125.0000   115.9360   127.2000     2.2361
    47     0.7750     0.6569    18.0304   124.4000   116.0960   127.2000     2.2361
    48     0.7825     0.6478    17.9032   125.4000   117.1560   127.2000     2.2361
    49     0.7837     0.6497    17.7824   127.4000   117.4960   128.4000     2.2361
    50     0.7800     0.6233    18.2003   127.0000   117.3920   128.6000     2.2361
    51     0.7813     0.6678    18.3765   126.0000   117.5520   128.6000     2.2361
    52     0.7900     0.6527    18.0080   127.8000   118.0360   129.4000     2.2361
    53     0.7888     0.6460    17.6408   127.2000   118.6400   129.4000     2.2361
    54     0.8000     0.6253    17.5696   128.8000   119.0280   129.8000     2.2361
    55     0.7813     0.6710    17.7412   129.0000   118.7600   129.8000     2.2361
    56     0.7875     0.6393    17.5043   127.0000   119.2240   129.8000     2.2361
    57     0.7888     0.6392    17.4256   126.6000   119.2080   129.8000     2.2361
    58     0.7850     0.6793    17.5889   127.4000   119.0960   129.8000     2.2361
    59     0.7975     0.6392    17.1337   128.0000   119.9000   130.4000     2.2361
    60     0.7937     0.6485    17.9940   128.6000   119.6160   130.4000     2.2361
    61     0.7925     0.6829    18.2273   128.6000   119.7280   130.6000     2.2361
    62     0.7975     0.6738    17.7863   128.4000   120.7280   130.6000     2.2361
    63     0.7962     0.6633    17.2304   129.4000   121.0520   131.0000     2.2361
    64     0.7987     0.6520    17.2020   129.6000   121.4840   131.6000     2.2361
    65     0.8012     0.6779    17.3185   129.4000   120.7640   131.6000     2.2361
    66     0.8025     0.6517    16.7233   130.8000   121.3880   132.0000     2.2361
    67     0.8063     0.6539    16.8875   131.4000   120.4960   132.8000     2.2361
    68     0.8013     0.6632    16.7951   130.0000   120.6680   132.8000     2.2361
    69     0.7975     0.6244    16.6294   129.2000   120.2880   132.8000     2.2361
    70     0.7987     0.6708    17.0416   129.2000   119.3960   132.8000     2.2361
    71     0.7975     0.6217    16.9208   128.8000   120.1360   132.8000     2.2361
    72     0.8037     0.6747    16.6601   129.0000   119.9920   132.8000     2.2361
    73     0.8087     0.6341    16.6338   130.2000   120.6520   133.0000     2.2361
    74     0.8018     0.6210    16.3569   130.4000   120.5840   133.2000     2.2361
    75     0.7937     0.6307    16.5918   129.8000   120.1840   133.2000     2.2361
    76     0.7937     0.6565    16.7513   128.8000   120.0960   133.2000     2.2361
    77     0.7888     0.6481    16.5071   127.8000   120.0680   133.2000     2.2361
    78     0.7938     0.6449    16.0630   129.8000   120.5920   133.2000     2.2361
    79     0.7863     0.6158    16.1344   129.4000   121.2360   133.4000     2.2361
    80     0.7950     0.6509    16.2002   128.8000   120.5560   133.4000     2.2361
    81     0.7988     0.6351    15.8983   128.4000   121.1320   133.4000     2.2361
    82     0.7937     0.6530    15.9775   129.0000   120.5680   133.4000     2.2361
    83     0.7975     0.6626    16.4336   128.8000   120.1560   133.4000     2.2361
    84     0.7925     0.6302    16.4204   129.4000   120.4360   133.4000     2.2361
    85     0.7900     0.6614    16.6309   128.6000   120.3600   133.4000     2.2361
    86     0.8025     0.6686    16.2638   129.0000   120.6280   133.4000     2.2361
    87     0.8088     0.6289    16.0300   129.8000   120.8640   133.4000     2.2361
    88     0.7904     0.6397    16.4026   130.2000   120.7320   133.6000     2.2361
    89     0.7950     0.6557    16.4842   128.8000   120.5040   133.8000     2.2361
    90     0.7993     0.6867    16.2077   130.2000   121.0200   133.8000     2.2361
    91     0.7987     0.6451    16.0233   129.6000   121.5680   133.8000     2.2361
    92     0.8025     0.6677    16.4758   129.8000   120.8920   133.8000     2.2361
    93     0.8062     0.6211    16.1296   130.6000   121.1400   133.8000     2.2361
    94     0.7925     0.6031    16.5866   130.2000   120.2240   133.8000     2.2361
    95     0.8038     0.6705    16.6420   129.6000   119.8880   134.4000     2.2361
    96     0.7987     0.6309    15.9422   130.2000   120.8240   134.4000     2.2361
    97     0.8050     0.6602    16.1909   129.6000   120.7280   134.4000     2.2361
    98     0.7987     0.6614    16.0509   130.0000   121.2320   134.4000     2.2361
    99     0.8025     0.6545    16.0080   129.8000   121.4320   134.4000     2.2361
   100     0.8038     0.6192    16.6104   129.8000   121.0640   134.4000     2.2361
   101     0.8013     0.6782    17.1030   130.6000   120.3400   134.4000     2.2361
   102     0.8050     0.6686    17.0699   130.4000   120.8120   134.4000     2.2361
   103     0.7988     0.6622    16.6431   129.8000   121.0040   134.4000     2.2361
   104     0.8075     0.6448    16.8642   130.4000   121.2800   134.4000     2.2361
   105     0.8050     0.6437    17.3961   131.0000   120.6600   134.4000     2.2361
   106     0.7954     0.6320    17.4865   129.6000   120.7120   134.4000     2.2361
   107     0.8025     0.6502    17.6811   130.4000   120.1720   134.4000     2.2361
   108     0.8025     0.6630    17.8553   130.8000   120.5600   134.4000     2.2361
   109     0.8113     0.6602    17.3572   130.4000   121.5360   134.4000     2.2361
   110     0.8088     0.6513    16.8883   131.0000   122.5600   134.4000     2.2361
   111     0.8050     0.6759    16.1848   131.6000   123.3720   134.4000     2.2361
   112     0.8138     0.6833    17.0914   130.8000   122.2040   134.4000     2.2361
   113     0.8000     0.6621    16.2085   131.4000   123.6000   134.4000     2.2361
   114     0.8088     0.6813    16.0612   130.8000   122.9400   134.4000     2.2361
   115     0.8087     0.6378    15.7884   131.2000   123.0280   134.4000     2.2361
   116     0.8087     0.6724    16.0183   130.4000   122.7640   134.4000     2.2361
   117     0.8087     0.6572    15.9401   130.0000   123.4320   134.4000     2.2361
   118     0.8200     0.6487    16.0895   131.4000   123.2040   134.4000     2.2361
   119     0.8075     0.6558    16.8028   132.4000   122.8400   134.4000     2.2361
   120     0.8066     0.6676    16.6225   131.2000   123.0200   134.6000     2.2361
   121     0.8163     0.6972    16.2942   131.6000   123.1160   134.6000     2.2361
   122     0.8063     0.6206    15.8096   131.2000   123.0240   134.6000     2.2361
   123     0.8075     0.6648    16.6606   131.0000   122.0960   134.6000     2.2361
   124     0.8125     0.6674    15.9652   131.0000   122.4160   134.6000     2.2361
   125     0.8075     0.6425    15.7567   131.0000   122.5240   134.6000     2.2361
   126     0.8175     0.6762    16.4413   131.2000   122.2160   134.6000     2.2361
   127     0.8200     0.6943    16.3393   132.4000   122.4360   134.8000     2.2361
   128     0.8150     0.6795    16.8766   132.0000   121.9160   134.8000     2.2361
   129     0.8038     0.6777    16.4656   132.0000   122.8880   134.8000     2.2361
   130     0.8025     0.6635    16.4322   131.8000   122.7160   134.8000     2.2361
   131     0.8025     0.6605    16.3402   130.4000   122.6320   134.8000     2.2361
   132     0.8038     0.6677    16.7598   129.8000   121.4400   134.8000     2.2361
   133     0.7988     0.6957    17.3179   130.0000   120.9960   134.8000     2.2361
   134     0.8038     0.6856    16.5213   130.2000   121.6000   134.8000     2.2361
   135     0.8175     0.6732    16.5291   131.6000   121.9440   134.8000     2.2361
   136     0.8025     0.6681    16.5711   131.4000   122.0800   134.8000     2.2361
   137     0.8025     0.6918    15.9807   130.0000   122.3920   134.8000     2.2361
   138     0.8025     0.6761    16.7528   129.6000   121.6160   134.8000     2.2361
   139     0.8050     0.6501    16.5303   130.4000   122.2720   134.8000     2.2361
   140     0.8050     0.6721    16.9882   129.6000   121.3640   134.8000     2.2361
   141     0.8163     0.6203    16.2588   131.2000   122.1640   134.8000     2.2361
   142     0.8113     0.6459    15.4067   132.4000   123.0760   134.8000     2.2361
   143     0.8075     0.6572    16.0318   131.2000   122.5680   134.8000     2.2361
   144     0.8100     0.6222    15.9740   131.0000   122.5880   134.8000     2.2361
   145     0.8081     0.6584    16.4962   130.8000   122.0040   134.8000     2.2361
   146     0.8013     0.6480    16.2668   130.4000   121.9680   134.8000     2.2361
   147     0.8087     0.6635    16.3713   130.4000   122.4240   134.8000     2.2361
   148     0.8050     0.6693    16.6276   131.2000   122.6360   134.8000     2.2361
   149     0.8138     0.6440    16.2477   130.2000   123.2400   134.8000     2.2361
   150     0.8150     0.6650    17.0841   130.8000   122.3680   134.8000     2.2361
   151     0.8042     0.6627    17.0854   131.2000   122.2480   134.8000     2.2361
   152     0.8075     0.6604    17.8338   131.2000   121.7120   134.8000     2.2361
   153     0.8087     0.6950    17.2439   131.6000   122.3840   134.8000     2.2361
   154     0.8050     0.6457    16.5210   130.8000   123.2080   134.8000     2.2361
   155     0.8150     0.6739    17.3922   130.6000   122.3400   134.8000     2.2361
   156     0.8075     0.6465    17.4500   130.6000   122.1760   134.8000     2.2361
   157     0.8163     0.6572    17.1100   131.0000   122.3880   134.8000     2.2361
   158     0.8075     0.6225    16.9422   132.0000   122.3320   134.8000     2.2361
   159     0.8100     0.6870    17.3920   129.8000   121.0720   134.8000     2.2361
   160     0.8062     0.6789    17.0044   130.4000   121.4800   134.8000     2.2361
   161     0.8087     0.6703    16.5788   130.4000   121.8800   134.8000     2.2361
   162     0.8075     0.6777    16.8255   130.2000   121.9720   134.8000     2.2361
   163     0.8038     0.6559    16.4483   130.2000   121.8200   134.8000     2.2361
   164     0.8050     0.6758    15.9851   130.4000   122.6080   134.8000     2.2361
   165     0.8112     0.6641    16.0624   130.6000   122.4480   134.8000     2.2361
   166     0.8125     0.6585    16.3203   131.8000   122.2760   134.8000     2.2361
   167     0.8063     0.6693    16.1489   131.6000   122.5200   134.8000     2.2361
   168     0.8025     0.6438    16.8075   130.4000   122.2440   134.8000     2.2361
   169     0.8125     0.6785    17.3244   131.0000   121.6800   134.8000     2.2361
   170     0.7950     0.6907    17.3763   131.0000   121.8320   134.8000     2.2361
   171     0.8163     0.6785    16.9856   131.0000   121.5880   134.8000     2.2361
   172     0.8037     0.6804    16.5778   131.6000   122.4360   134.8000     2.2361
   173     0.8087     0.6753    16.2931   130.2000   122.6440   134.8000     2.2361
   174     0.8025     0.6672    16.1509   129.4000   122.6880   134.8000     2.2361
   175     0.8112     0.6484    15.6186   130.2000   122.8640   134.8000     2.2361
   176     0.8100     0.6601    16.0723   130.0000   122.2680   134.8000     2.2361
   177     0.8075     0.6407    15.9216   130.4000   122.4720   134.8000     2.2361
   178     0.8100     0.6628    15.5414   130.4000   123.0160   134.8000     2.2361
   179     0.8163     0.6761    16.0216   131.8000   122.5800   134.8000     2.2361
   180     0.8113     0.6676    15.6477   131.4000   123.0200   134.8000     2.2361
   181     0.8087     0.6626    15.3930   131.2000   123.3560   134.8000     2.2361
   182     0.8087     0.6527    15.4276   131.4000   122.8280   134.8000     2.2361
   183     0.8125     0.6692    16.1099   130.6000   122.3440   134.8000     2.2361
   184     0.8125     0.6744    16.6882   131.8000   122.2120   134.8000     2.2361
   185     0.8175     0.6647    15.8024   132.4000   123.4400   134.8000     2.2361
   186     0.8138     0.6420    15.6537   132.2000   124.0720   134.8000     2.2361
   187     0.8200     0.6432    16.1055   131.8000   123.4120   134.8000     2.2361
   188     0.8137     0.6476    15.9402   131.6000   123.7600   134.8000     2.2361
   189     0.8087     0.6732    16.4415   131.4000   123.0840   134.8000     2.2361
   190     0.8200     0.6781    16.3868   131.4000   122.9120   134.8000     2.2361
   191     0.8263     0.6915    16.8018   133.6000   122.8840   135.0000     2.2361
   192     0.8150     0.6500    16.2648   133.0000   123.8440   135.0000     2.2361
   193     0.8100     0.6487    16.3685   132.8000   123.3920   135.0000     2.2361
   194     0.8087     0.6644    16.7590   131.0000   122.5720   135.0000     2.2361
   195     0.8087     0.6654    16.7675   130.6000   121.8840   135.0000     2.2361
   196     0.8037     0.6468    16.9780   130.2000   121.5760   135.0000     2.2361
   197     0.8038     0.6469    16.9971   130.8000   120.9680   135.0000     2.2361
   198     0.8000     0.6438    17.3611   131.4000   120.7520   135.0000     2.2361
   199     0.8037     0.6802    17.6766   129.8000   120.3680   135.0000     2.2361
   200     0.8012     0.6324    17.2287   130.2000   120.8880   135.0000     2.2361
   201     0.8025     0.6396    17.3835   129.4000   119.6040   135.0000     2.2361
   202     0.7987     0.6446    17.9287   128.8000   119.4960   135.0000     2.2361
   203     0.8013     0.6523    17.2429   129.4000   120.7280   135.0000     2.2361
   204     0.7988     0.6508    17.1394   129.6000   120.3000   135.0000     2.2361
   205     0.8025     0.6501    17.4279   130.0000   120.2560   135.0000     2.2361
   206     0.7975     0.6460    17.1113   129.8000   120.1240   135.0000     2.2361
   207     0.7887     0.6310    16.7577   128.6000   120.3680   135.0000     2.2361
   208     0.7800     0.6195    16.8769   128.2000   120.1080   135.0000     2.2361
   209     0.8000     0.6583    16.9804   128.4000   119.0440   135.0000     2.2361
   210     0.7850     0.6359    16.5487   128.8000   119.8200   135.0000     2.2361
   211     0.7925     0.6784    16.9515   129.0000   119.4320   135.0000     2.2361
   212     0.8025     0.6424    16.6090   128.8000   119.8800   135.0000     2.2361
   213     0.7963     0.6374    16.5159   129.8000   120.4320   135.0000     2.2361
   214     0.7925     0.6620    16.8026   129.0000   120.0960   135.0000     2.2361
   215     0.7987     0.6653    17.0085   129.8000   120.3880   135.0000     2.2361
   216     0.8012     0.6250    16.7860   129.6000   121.4600   135.0000     2.2361
   217     0.8000     0.6527    16.5527   130.2000   121.0400   135.0000     2.2361
   218     0.8038     0.6632    16.3087   130.4000   120.9680   135.2000     2.2361
   219     0.8037     0.6686    16.3868   129.8000   120.4680   135.2000     2.2361
   220     0.8017     0.6398    16.3868   129.6000   121.0840   135.2000     2.2361
   221     0.8037     0.6787    16.9509   129.6000   120.2840   135.2000     2.2361
   222     0.8055     0.6305    16.1959   129.6000   121.0360   135.2000     2.2361
   223     0.8025     0.6735    16.6362   130.6000   119.9840   135.2000     2.2361
   224     0.7967     0.6546    16.0913   130.0000   121.0880   135.2000     2.2361
   225     0.7993     0.6614    16.1140   130.2000   121.2080   135.2000     2.2361
   226     0.7988     0.6453    15.5282   129.6000   121.9960   135.2000     2.2361
   227     0.8100     0.6796    15.9837   130.2000   121.5040   135.2000     2.2361
   228     0.8063     0.6418    15.3905   130.6000   122.7280   135.2000     2.2361
   229     0.8016     0.6396    15.6820   130.8000   121.8800   135.2000     2.2361
   230     0.8012     0.6672    15.6160   130.0000   121.6680   135.2000     2.2361
   231     0.7975     0.6740    16.4418   130.0000   121.3080   135.2000     2.2361
   232     0.8025     0.6772    15.8725   129.4000   121.7320   135.2000     2.2361
   233     0.7913     0.6356    15.8392   129.6000   122.0280   135.2000     2.2361
   234     0.7975     0.6769    16.6384   129.8000   120.2840   135.2000     2.2361
   235     0.8137     0.6766    16.8501   130.2000   120.0720   135.2000     2.2361
   236     0.8025     0.6739    16.7896   130.2000   120.4880   135.2000     2.2361
   237     0.8075     0.6698    16.3830   129.8000   121.2800   135.2000     2.2361
   238     0.7975     0.6735    16.6312   130.0000   121.8840   135.2000     2.2361
   239     0.8087     0.6727    17.0423   129.8000   121.7640   135.2000     2.2361
   240     0.8030     0.6915    17.1172   130.0000   121.7920   135.2000     2.2361
   241     0.8063     0.6638    17.0851   130.0000   122.2000   135.2000     2.2361
   242     0.8038     0.6353    16.3190   131.0000   122.6080   135.2000     2.2361
   243     0.8142     0.6671    17.1363   131.2000   121.7520   135.2000     2.2361
   244     0.8063     0.6664    16.6233   131.0000   122.4040   135.2000     2.2361
   245     0.8050     0.6872    16.3873   130.2000   122.9280   135.2000     2.2361
   246     0.8063     0.6602    15.8746   131.6000   123.5720   135.2000     2.2361
   247     0.8005     0.6430    16.6410   131.0000   122.8120   135.2000     2.2361
   248     0.8063     0.6469    16.4808   131.2000   122.5120   135.2000     2.2361
   249     0.8117     0.6811    16.6026   131.2000   122.0000   135.2000     2.2361
   250     0.8025     0.6190    15.4318   131.2000   122.6800   135.2000     2.2361
   251     0.8125     0.6434    15.7799   130.6000   122.0080   135.2000     2.2361
   252     0.8050     0.6204    15.9252   130.8000   121.9280   135.2000     2.2361
   253     0.8038     0.6617    16.3200   130.8000   120.8320   135.2000     2.2361
   254     0.8075     0.6395    16.2952   130.0000   121.8720   135.2000     2.2361
   255     0.8087     0.6643    16.0898   131.8000   122.2840   135.2000     2.2361
   256     0.8138     0.6409    16.0155   131.2000   122.3800   135.2000     2.2361
   257     0.8050     0.6599    16.4049   132.0000   121.9720   135.2000     2.2361
   258     0.8075     0.6508    16.3278   130.4000   122.2840   135.2000     2.2361
   259     0.8029     0.6601    16.3536   130.2000   122.2880   135.2000     2.2361
   260     0.8150     0.6650    16.5105   131.2000   122.2440   135.2000     2.2361
   261     0.8100     0.6079    15.8950   131.8000   122.9200   135.2000     2.2361
   262     0.8088     0.6930    16.4829   131.0000   122.4240   135.2000     2.2361
   263     0.8125     0.6709    16.6266   130.6000   122.3960   135.2000     2.2361
   264     0.8137     0.6707    16.6674   131.6000   122.4880   135.2000     2.2361
   265     0.8087     0.6774    16.7954   130.6000   122.2400   135.2000     2.2361
   266     0.8150     0.6760    16.5742   132.2000   122.5920   135.2000     2.2361
   267     0.8150     0.6928    16.0655   133.0000   123.5120   135.2000     2.2361
   268     0.8175     0.6956    16.1182   131.4000   123.7160   135.2000     2.2361
   269     0.8200     0.6826    16.4872   132.6000   123.3760   135.2000     2.2361
   270     0.8050     0.6649    16.2802   133.0000   123.5760   135.2000     2.2361
   271     0.8104     0.6222    15.7580   131.6000   123.0920   135.2000     2.2361
   272     0.8067     0.6771    16.7786   132.0000   122.6280   135.2000     2.2361
   273     0.8137     0.6991    17.0970   131.2000   122.4960   135.2000     2.2361
   274     0.8150     0.6831    16.7569   132.4000   122.9680   135.2000     2.2361
   275     0.8150     0.6673    16.1780   132.8000   124.0080   135.2000     2.2361
   276     0.8137     0.6478    16.5892   132.0000   123.4280   135.2000     2.2361
   277     0.8137     0.6673    16.4165   132.0000   123.5800   135.2000     2.2361
   278     0.8113     0.6774    16.0619   132.2000   123.4680   135.2000     2.2361
   279     0.8112     0.6616    16.0772   131.0000   123.2240   135.2000     2.2361
   280     0.8200     0.6999    16.7149   132.2000   122.7760   135.2000     2.2361
   281     0.8113     0.6621    16.4870   131.8000   123.6640   135.2000     2.2361
   282     0.8187     0.6663    16.4429   132.4000   123.9440   135.2000     2.2361
   283     0.8163     0.6820    16.5768   132.0000   123.6800   135.4000     2.2361
   284     0.8175     0.6994    16.3703   132.8000   123.9800   135.4000     2.2361
   285     0.8150     0.6812    16.5110   132.8000   123.5040   135.4000     2.2361
   286     0.8200     0.6829    16.8268   131.6000   123.0320   135.4000     2.2361
   287     0.8075     0.6762    16.5714   131.8000   123.9320   135.4000     2.2361
   288     0.8087     0.6412    17.0803   131.6000   123.8680   135.4000     2.2361
   289     0.8088     0.6678    17.2351   131.6000   123.0560   135.4000     2.2361
   290     0.8075     0.6623    18.0790   130.6000   121.5000   135.4000     2.2361
   291     0.8100     0.6329    18.1347   130.0000   121.3840   135.4000     2.2361
   292     0.8050     0.6591    17.6454   131.8000   121.9640   135.4000     2.2361
   293     0.8175     0.6448    17.6162   131.6000   121.7360   135.4000     2.2361
   294     0.8100     0.6791    17.2491   130.8000   122.2760   135.4000     2.2361
   295     0.8125     0.6758    17.0772   130.4000   122.5760   135.4000     2.2361
   296     0.8137     0.6844    16.8470   131.8000   123.4080   135.4000     2.2361
   297     0.8050     0.6560    16.5629   132.0000   123.9000   135.4000     2.2361
   298     0.8075     0.6306    16.7293   131.8000   123.3240   135.4000     2.2361
   299     0.8188     0.6585    16.7278   132.0000   123.2640   135.4000     2.2361
   300     0.8125     0.6536    16.5384   132.2000   123.0680   135.4000     2.2361
   301     0.8150     0.6683    16.7660   131.8000   122.9200   135.4000     2.2361
   302     0.8200     0.6614    16.4653   132.6000   123.1920   135.4000     2.2361
   303     0.8125     0.6430    15.9851   132.6000   123.5840   135.8000     2.2361
   304     0.8150     0.6831    16.0299   133.2000   123.1320   135.8000     2.2361
   305     0.8125     0.6530    15.1616   133.4000   124.4000   135.8000     2.2361
   306     0.8138     0.6687    15.7719   132.4000   123.6400   135.8000     2.2361
   307     0.8182     0.6473    15.7466   133.6000   123.9640   135.8000     2.2361
   308     0.8125     0.6564    16.0438   132.6000   123.8880   135.8000     2.2361
   309     0.8129     0.6869    16.3440   132.0000   123.2440   135.8000     2.2361
   310     0.8112     0.6840    16.4377   131.8000   123.2840   135.8000     2.2361
   311     0.8063     0.6856    16.4723   130.6000   122.2920   135.8000     2.2361
   312     0.8087     0.6568    16.3523   131.6000   122.8600   135.8000     2.2361
   313     0.8113     0.6640    16.0696   131.0000   122.3760   135.8000     2.2361
   314     0.8125     0.6481    16.3793   131.8000   122.2040   135.8000     2.2361
   315     0.8025     0.6677    16.4816   131.0000   122.2120   135.8000     2.2361
   316     0.8138     0.6736    16.2140   131.8000   122.2720   135.8000     2.2361
   317     0.8050     0.6694    16.0764   131.8000   122.2960   135.8000     2.2361
   318     0.8087     0.6583    16.6202   131.2000   121.6480   135.8000     2.2361
   319     0.8187     0.6642    16.9837   131.6000   121.7880   135.8000     2.2361
   320     0.8163     0.6585    16.7767   132.0000   122.0680   135.8000     2.2361
   321     0.8105     0.6534    16.4805   132.4000   122.4160   135.8000     2.2361
   322     0.8200     0.6270    16.2490   133.4000   122.5360   135.8000     2.2361
   323     0.8212     0.6404    16.4031   132.0000   122.1760   135.8000     2.2361
   324     0.8162     0.6575    16.4697   132.4000   122.3080   136.0000     2.2361
   325     0.8100     0.6544    16.5664   131.6000   122.4120   136.0000     2.2361
   326     0.8138     0.6698    16.6895   131.4000   122.7520   136.0000     2.2361
   327     0.8125     0.6395    16.3884   132.0000   123.2400   136.0000     2.2361
   328     0.8163     0.6628    17.0811   131.0000   122.5200   136.0000     2.2361
   329     0.8200     0.6575    16.0870   132.4000   123.7840   136.0000     2.2361
   330     0.8100     0.6709    16.7482   133.0000   123.3600   136.0000     2.2361
   331     0.8138     0.6427    16.0712   131.6000   123.2440   136.0000     2.2361
   332     0.8225     0.6482    16.0921   132.2000   122.9800   136.0000     2.2361
   333     0.8150     0.6945    16.6101   131.8000   122.6240   136.0000     2.2361
   334     0.8175     0.6653    16.2428   133.0000   123.4320   136.0000     2.2361
   335     0.8187     0.6586    15.7923   133.4000   123.7600   136.0000     2.2361
   336     0.8192     0.6679    16.0157   132.4000   123.1200   136.0000     2.2361
   337     0.8163     0.6788    15.8869   132.6000   123.2600   136.0000     2.2361
   338     0.8075     0.6080    15.4031   132.0000   123.6160   136.0000     2.2361
   339     0.8125     0.6395    16.1646   131.0000   122.4440   136.0000     2.2361
   340     0.8175     0.6455    15.8059   132.2000   122.7880   136.0000     2.2361
   341     0.8092     0.6769    15.5977   132.4000   121.9280   136.0000     2.2361
   342     0.8037     0.6389    15.5478   131.8000   121.9960   136.0000     2.2361
   343     0.8088     0.6428    15.8202   130.8000   121.7360   136.0000     2.2361
   344     0.8125     0.6824    16.2477   131.0000   122.1320   136.0000     2.2361
   345     0.8113     0.6552    16.2224   132.0000   122.5080   136.0000     2.2361
   346     0.8030     0.6489    16.0607   131.0000   122.1920   136.0000     2.2361
   347     0.8063     0.6562    16.1673   131.4000   122.4040   136.0000     2.2361
   348     0.8087     0.6681    16.9598   130.8000   121.5440   136.0000     2.2361
   349     0.8029     0.6857    16.9974   130.6000   121.9040   136.0000     2.2361
   350     0.8138     0.6512    16.6975   131.2000   122.0600   136.0000     2.2361
   351     0.8125     0.6714    16.6878   131.6000   122.1520   136.0000     2.2361
   352     0.8150     0.6570    16.2803   131.2000   122.4840   136.0000     2.2361
   353     0.8137     0.6888    17.4057   131.2000   122.1920   136.0000     2.2361
   354     0.8175     0.6629    16.9461   132.0000   122.6160   136.0000     2.2361
   355     0.8175     0.6676    16.5060   131.2000   122.9440   136.0000     2.2361
   356     0.8075     0.6291    15.9060   131.2000   122.9920   136.0000     2.2361
   357     0.8138     0.6668    15.9602   132.4000   122.7320   136.4000     2.2361
   358     0.8200     0.6848    15.3946   131.6000   123.5640   136.4000     2.2361
   359     0.8100     0.6487    14.9920   132.0000   123.9320   136.4000     2.2361
   360     0.8225     0.6682    15.4594   132.2000   123.1880   136.4000     2.2361
   361     0.8188     0.6479    15.5718   133.4000   122.9120   136.4000     2.2361
   362     0.8150     0.6487    15.4914   133.0000   122.8960   136.4000     2.2361
   363     0.8212     0.6632    15.9678   133.8000   121.7760   136.6000     2.2361
   364     0.8112     0.6604    16.1091   132.4000   121.9400   136.6000     2.2361
   365     0.8075     0.6465    16.3967   132.4000   122.3640   136.6000     2.2361
   366     0.8167     0.6525    16.2002   132.4000   122.0280   136.6000     2.2361
   367     0.8213     0.6673    16.1651   133.2000   122.1520   136.6000     2.2361
   368     0.8125     0.6774    16.3464   132.4000   121.9240   136.6000     2.2361
   369     0.8125     0.6547    15.9437   131.6000   122.7960   136.6000     2.2361
   370     0.8087     0.6607    16.0519   132.6000   122.8640   136.6000     2.2361
   371     0.8138     0.6971    16.0823   131.8000   122.2560   136.6000     2.2361
   372     0.8125     0.6785    15.6557   132.0000   123.3000   136.6000     2.2361
   373     0.8071     0.6545    15.6671   133.6000   123.9920   136.6000     2.2361
   374     0.8175     0.6662    16.2465   131.8000   122.9760   136.6000     2.2361
   375     0.8225     0.6906    17.1858   132.8000   121.5400   136.6000     2.2361
   376     0.8275     0.6771    16.1935   133.8000   123.5360   136.6000     2.2361
   377     0.8137     0.6824    16.1500   133.6000   123.7640   136.6000     2.2361
   378     0.8175     0.6573    15.5990   132.4000   123.5840   136.6000     2.2361
   379     0.8163     0.6377    15.3667   132.4000   123.4280   136.6000     2.2361
   380     0.8162     0.7054    15.8939   132.0000   123.2480   136.6000     2.2361
   381     0.8225     0.6737    16.0230   132.6000   123.7840   136.6000     2.2361
   382     0.8143     0.6895    16.1605   132.6000   124.0440   136.6000     2.2361
   383     0.8263     0.7015    16.0300   133.6000   124.3440   136.6000     2.2361
   384     0.8200     0.6332    15.7429   133.4000   124.7040   136.6000     2.2361
   385     0.8192     0.6679    16.1776   133.2000   124.1560   136.8000     2.2361
   386     0.8288     0.6668    16.0199   133.6000   124.1320   136.8000     2.2361
   387     0.8200     0.6510    16.1220   134.2000   124.0720   137.0000     2.2361
   388     0.8063     0.6477    16.4385   132.4000   123.0120   137.0000     2.2361
   389     0.8162     0.6566    16.6838   131.6000   122.3120   137.0000     2.2361
   390     0.8125     0.6794    16.4630   132.0000   122.6920   137.0000     2.2361
   391     0.8063     0.5916    15.8478   132.0000   122.7520   137.0000     2.2361
   392     0.8162     0.6535    16.7801   132.0000   121.9000   137.0000     2.2361
   393     0.8175     0.6929    16.9267   132.6000   122.3360   137.2000     2.2361
   394     0.8168     0.6584    16.1716   133.6000   123.7280   137.2000     2.2361
   395     0.8262     0.6732    16.3339   133.4000   123.6400   137.2000     2.2361
   396     0.8275     0.6645    15.9979   133.0000   124.0240   137.2000     2.2361
   397     0.8200     0.6770    16.0596   133.0000   124.1440   137.2000     2.2361
   398     0.8263     0.6397    15.9192   133.4000   124.0120   137.2000     2.2361
   399     0.8288     0.6973    15.9027   134.0000   123.4280   137.2000     2.2361
   400     0.8237     0.6596    15.6163   134.0000   124.0680   137.2000     2.2361
   401     0.8187     0.6332    15.4981   133.8000   123.9840   137.2000     2.2361
   402     0.8225     0.6742    16.3995   133.0000   122.8440   137.2000     2.2361
   403     0.8225     0.6838    16.7094   132.4000   123.2880   137.2000     2.2361
   404     0.8275     0.6776    16.1964   133.4000   124.5080   137.2000     2.2361
   405     0.8275     0.6429    15.4650   134.0000   125.8000   137.2000     2.2361
   406     0.8300     0.6879    16.6983   133.4000   123.9320   137.2000     2.2361
   407     0.8238     0.6896    16.5843   135.0000   124.2600   137.6000     2.2361
   408     0.8275     0.6766    16.7905   134.6000   123.3960   137.6000     2.2361
   409     0.8288     0.6719    16.7925   133.4000   123.8840   137.6000     2.2361
   410     0.8325     0.6728    15.8506   135.0000   125.2760   137.6000     2.2361
   411     0.8212     0.6761    15.8299   134.2000   124.1840   137.6000     2.2361
   412     0.8175     0.6710    15.4420   133.0000   124.4160   137.6000     2.2361
   413     0.8275     0.7005    16.0749   133.4000   124.0520   137.6000     2.2361
   414     0.8253     0.6855    15.8898   133.8000   124.4440   137.6000     2.2361
   415     0.8325     0.6902    16.0216   134.4000   123.9000   137.6000     2.2361
   416     0.8388     0.6712    15.8180   134.6000   124.3880   137.6000     2.2361
   417     0.8275     0.6660    15.9189   134.8000   124.1000   137.6000     2.2361
   418     0.8287     0.6869    16.0717   133.6000   124.3120   137.6000     2.2361
   419     0.8204     0.6656    15.6638   134.0000   124.7800   137.8000     2.2361
   420     0.8300     0.6608    15.6877   133.2000   124.7760   137.8000     2.2361
   421     0.8250     0.6698    15.9097   135.0000   124.7520   138.0000     2.2361
   422     0.8192     0.6759    16.0305   132.8000   124.1880   138.0000     2.2361
   423     0.8238     0.6890    16.3344   133.2000   123.8120   138.0000     2.2361
   424     0.8288     0.7029    16.1306   133.0000   124.3680   138.0000     2.2361
   425     0.8263     0.6606    16.3193   134.2000   124.7920   138.0000     2.2361
   426     0.8200     0.6670    16.7386   134.0000   124.2280   138.2000     2.2361
   427     0.8250     0.6831    16.8849   133.4000   123.7400   138.2000     2.2361
   428     0.8200     0.6632    16.4651   133.2000   124.4760   138.2000     2.2361
   429     0.8237     0.6388    16.5468   133.6000   124.2640   138.2000     2.2361
   430     0.8291     0.6503    16.5623   134.6000   123.9480   138.2000     2.2361
   431     0.8250     0.6614    16.7313   134.2000   123.5240   138.2000     2.2361
   432     0.8237     0.7015    17.0769   133.2000   123.6440   138.2000     2.2361
   433     0.8288     0.6884    16.8477   133.6000   124.4120   138.2000     2.2361
   434     0.8300     0.6810    16.3461   134.0000   125.3440   138.2000     2.2361
   435     0.8288     0.6706    16.1432   134.4000   125.4480   138.2000     2.2361
   436     0.8275     0.6926    16.2560   134.0000   125.2520   138.2000     2.2361
   437     0.8275     0.6426    15.8420   134.0000   125.3040   138.2000     2.2361
   438     0.8250     0.6607    17.0385   134.6000   124.0680   138.2000     2.2361
   439     0.8216     0.6700    17.3184   133.8000   123.1520   138.2000     2.2361
   440     0.8300     0.6658    16.9845   133.4000   123.8800   138.2000     2.2361
   441     0.8313     0.6778    16.3061   134.0000   125.2640   138.2000     2.2361
   442     0.8238     0.6820    16.5350   134.6000   125.1480   138.2000     2.2361
   443     0.8237     0.6830    16.5584   133.2000   125.0040   138.2000     2.2361
   444     0.8350     0.6438    15.8090   136.2000   125.6240   138.8000     2.2361
   445     0.8263     0.6607    15.6243   135.8000   125.2000   138.8000     2.2361
   446     0.8300     0.6947    15.5882   134.8000   124.9240   138.8000     2.2361
   447     0.8337     0.6695    15.5404   134.6000   125.7000   138.8000     2.2361
   448     0.8253     0.6731    15.7162   134.4000   125.7160   138.8000     2.2361
   449     0.8337     0.6590    15.4457   134.4000   125.8160   138.8000     2.2361
   450     0.8237     0.6992    15.9902   134.4000   124.8040   138.8000     2.2361
   451     0.8263     0.6937    15.5675   133.8000   125.3880   138.8000     2.2361
   452     0.8262     0.6445    15.2318   134.4000   125.8720   138.8000     2.2361
   453     0.8262     0.6792    15.2823   135.2000   125.5160   138.8000     2.2361
   454     0.8237     0.6730    15.7714   133.4000   125.0120   138.8000     2.2361
   455     0.8312     0.6780    15.7117   134.4000   124.9120   138.8000     2.2361
   456     0.8212     0.6790    16.3378   133.8000   124.4320   138.8000     2.2361
   457     0.8287     0.6474    15.8860   134.4000   124.7240   138.8000     2.2361
   458     0.8220     0.6940    15.8024   134.0000   124.5160   138.8000     2.2361
   459     0.8212     0.6940    16.0689   134.0000   124.1680   138.8000     2.2361
   460     0.8238     0.6778    15.9238   133.8000   124.2000   138.8000     2.2361
   461     0.8288     0.6896    15.9334   133.6000   123.7320   138.8000     2.2361
   462     0.8188     0.6904    16.2113   134.0000   123.6440   138.8000     2.2361
   463     0.8225     0.6696    16.3282   133.6000   123.0240   138.8000     2.2361
   464     0.8250     0.6609    16.1419   134.4000   123.7120   138.8000     2.2361
   465     0.8338     0.6747    16.2467   134.4000   123.2200   138.8000     2.2361
   466     0.8175     0.6671    16.5313   134.0000   123.6480   138.8000     2.2361
   467     0.8212     0.6760    16.3365   134.4000   124.0160   138.8000     2.2361
   468     0.8250     0.7078    16.8069   133.2000   124.1120   138.8000     2.2361
   469     0.8187     0.6538    16.3913   134.6000   125.1320   138.8000     2.2361
   470     0.8266     0.6646    16.4761   134.8000   124.6440   138.8000     2.2361
   471     0.8200     0.6819    17.2209   134.4000   123.8880   138.8000     2.2361
   472     0.8228     0.6694    17.0216   134.4000   123.9200   138.8000     2.2361
   473     0.8187     0.6935    17.1032   134.0000   124.0640   138.8000     2.2361
   474     0.8200     0.6707    17.7120   133.0000   123.4720   138.8000     2.2361
   475     0.8287     0.6714    16.4828   134.0000   123.6800   139.2000     2.2361
   476     0.8197     0.6609    16.1484   134.2000   124.6880   139.2000     2.2361
   477     0.8313     0.6799    16.3708   134.6000   124.0120   139.2000     2.2361
   478     0.8275     0.6913    16.2679   134.2000   124.2360   139.2000     2.2361
   479     0.8238     0.6834    15.7447   133.6000   124.9000   139.2000     2.2361
   480     0.8262     0.6942    15.6722   133.4000   125.2000   139.2000     2.2361
   481     0.8250     0.6862    15.8939   133.6000   125.1640   139.2000     2.2361
   482     0.8350     0.7089    15.7447   134.4000   125.2720   139.2000     2.2361
   483     0.8438     0.6806    15.2575   135.4000   126.2680   139.2000     2.2361
   484     0.8325     0.6534    14.8251   135.2000   126.5040   139.2000     2.2361
   485     0.8275     0.6764    15.5987   135.2000   125.5480   139.2000     2.2361
   486     0.8300     0.6506    15.6864   135.6000   124.6840   139.2000     2.2361
   487     0.8250     0.6662    16.0777   134.4000   124.8160   139.2000     2.2361
   488     0.8350     0.6813    15.8808   134.4000   124.5920   139.2000     2.2361
   489     0.8275     0.6531    15.9595   133.8000   123.9760   139.2000     2.2361
   490     0.8300     0.6407    15.5624   135.6000   124.8480   139.4000     2.2361
   491     0.8175     0.6739    15.4243   135.0000   124.2600   139.4000     2.2361
   492     0.8241     0.6607    15.4475   134.6000   124.3520   139.4000     2.2361
   493     0.8266     0.6742    15.6728   135.0000   123.9080   139.4000     2.2361
   494     0.8350     0.6676    15.8800   135.2000   123.8240   139.4000     2.2361
   495     0.8325     0.6606    15.7285   135.8000   124.8040   139.4000     2.2361
   496     0.8250     0.6581    15.4756   133.6000   124.3760   139.4000     2.2361
   497     0.8337     0.6833    15.5664   134.4000   123.9720   139.4000     2.2361
   498     0.8300     0.6900    15.5928   134.0000   124.1120   139.4000     2.2361
   499     0.8241     0.6459    14.8310   135.8000   125.1840   139.4000     2.2361
   500     0.8237     0.6835    15.8883   134.2000   123.8880   139.4000     2.2361
   501     0.8275     0.6876    15.9649   133.6000   123.8560   139.4000     2.2361
   502     0.8237     0.6367    15.3647   134.4000   124.7480   139.4000     2.2361
   503     0.8288     0.6392    15.8712   135.2000   124.2040   139.4000     2.2361
   504     0.8250     0.6741    15.8343   134.2000   123.7680   139.4000     2.2361
   505     0.8263     0.6796    16.1176   133.8000   124.1200   139.4000     2.2361
   506     0.8262     0.6926    15.6384   134.0000   124.3440   139.4000     2.2361
   507     0.8279     0.6270    15.2096   133.6000   124.9560   139.4000     2.2361
   508     0.8237     0.6363    15.5435   134.8000   124.4880   139.4000     2.2361
   509     0.8175     0.6607    16.1750   133.6000   123.6120   139.4000     2.2361
   510     0.8200     0.6621    16.1892   134.0000   123.3680   139.4000     2.2361
   511     0.8188     0.6627    16.3011   134.0000   123.1800   139.4000     2.2361
   512     0.8187     0.6509    16.4856   132.4000   122.6280   139.4000     2.2361
   513     0.8228     0.6828    16.4573   133.8000   122.8560   139.4000     2.2361
   514     0.8275     0.6751    15.6940   133.2000   123.5320   139.4000     2.2361
   515     0.8337     0.6480    15.2398   134.4000   124.4800   139.4000     2.2361
   516     0.8225     0.6654    15.6918   133.4000   123.8160   139.4000     2.2361
   517     0.8200     0.7160    16.5339   133.0000   122.6880   139.4000     2.2361
   518     0.8150     0.6522    15.6274   132.4000   123.8080   139.4000     2.2361
   519     0.8175     0.6867    16.0424   132.8000   122.8520   139.4000     2.2361
   520     0.8203     0.6525    15.3641   133.4000   124.4160   139.4000     2.2361
   521     0.8263     0.6486    15.2901   133.8000   125.0000   139.4000     2.2361
   522     0.8187     0.6438    15.6206   134.0000   124.3120   139.4000     2.2361
   523     0.8162     0.6533    15.6916   133.2000   124.2960   139.4000     2.2361
   524     0.8150     0.6759    16.0854   134.6000   123.3400   139.4000     2.2361
   525     0.8175     0.6822    15.7527   132.0000   123.4320   139.4000     2.2361
   526     0.8300     0.6749    15.1861   133.0000   123.8720   139.4000     2.2361
   527     0.8250     0.6659    15.4024   134.6000   124.6760   139.4000     2.2361
   528     0.8167     0.6379    15.2225   134.0000   124.8440   139.4000     2.2361
   529     0.8138     0.6613    15.8971   133.6000   124.2680   139.4000     2.2361
   530     0.8300     0.6859    16.3806   133.2000   123.1040   139.4000     2.2361
   531     0.8213     0.6804    16.2753   133.0000   123.5560   139.4000     2.2361
   532     0.8237     0.6646    15.6942   133.6000   123.8360   139.4000     2.2361
   533     0.8192     0.6892    15.8073   134.4000   124.1280   139.4000     2.2361
   534     0.8303     0.6648    15.6488   134.2000   124.7480   139.4000     2.2361
   535     0.8337     0.6764    15.7238   134.4000   125.2760   139.4000     2.2361
   536     0.8413     0.6826    15.4795   134.8000   125.0160   139.4000     2.2361
   537     0.8255     0.6669    15.1479   135.4000   125.3400   139.6000     2.2361
   538     0.8288     0.6947    15.5616   135.0000   124.7400   139.6000     2.2361
   539     0.8250     0.6844    15.3384   133.6000   125.0480   139.6000     2.2361
   540     0.8225     0.6747    15.5845   134.2000   124.4920   139.6000     2.2361
   541     0.8200     0.6556    15.9087   133.4000   123.9360   139.6000     2.2361
   542     0.8275     0.7029    16.3840   133.6000   123.4120   139.6000     2.2361
   543     0.8250     0.6891    16.0013   133.2000   123.9880   139.6000     2.2361
   544     0.8191     0.6760    16.1740   132.6000   123.3120   139.6000     2.2361
   545     0.8175     0.6492    15.8451   133.8000   123.5240   139.6000     2.2361
   546     0.8187     0.6558    15.9295   132.4000   123.3200   139.6000     2.2361
   547     0.8213     0.6774    15.6766   134.4000   124.2320   139.6000     2.2361
   548     0.8225     0.6723    16.5641   133.2000   123.6160   139.6000     2.2361
   549     0.8163     0.6417    16.1125   133.4000   123.6360   139.6000     2.2361
   550     0.8250     0.6652    16.4351   133.0000   123.5920   139.6000     2.2361
   551     0.8178     0.6778    16.2844   132.6000   123.5760   139.6000     2.2361
   552     0.8212     0.6565    16.4389   133.2000   123.5200   139.6000     2.2361
   553     0.8137     0.6679    16.5736   133.0000   122.8160   139.6000     2.2361
   554     0.8175     0.6745    16.2349   133.2000   123.0040   139.6000     2.2361
   555     0.8200     0.6594    15.6650   133.2000   123.7080   139.6000     2.2361
   556     0.8212     0.6822    16.1193   133.2000   123.9880   139.6000     2.2361
   557     0.8275     0.6970    15.7211   134.6000   124.4120   139.6000     2.2361
   558     0.8250     0.6532    15.6229   133.4000   124.5000   139.6000     2.2361
   559     0.8388     0.6652    16.0243   135.0000   124.0440   139.6000     2.2361
   560     0.8238     0.6527    15.7927   134.6000   124.6320   139.6000     2.2361
   561     0.8275     0.6687    15.6464   134.0000   124.6880   139.6000     2.2361
   562     0.8229     0.6817    15.4821   133.2000   124.7840   139.6000     2.2361
   563     0.8242     0.6893    16.1878   134.6000   124.5880   139.6000     2.2361
   564     0.8250     0.6813    16.4132   134.8000   125.0200   139.6000     2.2361
   565     0.8288     0.6733    16.5642   135.6000   124.4480   139.6000     2.2361
   566     0.8325     0.6896    16.1411   135.6000   124.4040   139.6000     2.2361
   567     0.8232     0.7016    16.3491   134.4000   124.2440   139.6000     2.2361
   568     0.8262     0.6914    16.3144   134.4000   123.6800   139.6000     2.2361
   569     0.8250     0.6588    16.0686   135.2000   123.8080   139.6000     2.2361
   570     0.8338     0.6583    16.4447   135.2000   123.5040   139.6000     2.2361
   571     0.8350     0.6814    16.4589   136.6000   123.5120   139.6000     2.2361
   572     0.8275     0.6712    16.3081   134.4000   123.4560   139.6000     2.2361
   573     0.8116     0.6812    16.9703   133.2000   123.4080   139.6000     2.2361
   574     0.8188     0.6469    16.3017   133.2000   123.3640   139.6000     2.2361
   575     0.8188     0.6595    16.6565   132.4000   122.2120   139.6000     2.2361
   576     0.8166     0.6582    16.7873   133.4000   121.5040   139.6000     2.2361
   577     0.8212     0.6180    16.4762   133.2000   121.8400   139.6000     2.2361
   578     0.8188     0.6855    16.9381   132.8000   121.4560   139.6000     2.2361
   579     0.8125     0.6295    16.7118   132.2000   121.8000   139.6000     2.2361
   580     0.8075     0.6569    17.2678   131.0000   121.3200   139.6000     2.2361
   581     0.8200     0.6660    17.7891   131.4000   120.9840   139.6000     2.2361
   582     0.8100     0.6459    16.9131   131.8000   121.4320   139.6000     2.2361
   583     0.8125     0.6756    17.3638   131.6000   121.0000   139.6000     2.2361
   584     0.8175     0.6406    17.2594   131.8000   121.5240   139.6000     2.2361
   585     0.8163     0.6690    17.3109   132.0000   121.1880   139.6000     2.2361
   586     0.8138     0.6915    17.2442   132.0000   121.0920   139.6000     2.2361
   587     0.8225     0.6823    17.1905   133.2000   121.5280   140.2000     2.2361
   588     0.8163     0.6853    16.8204   133.0000   122.1400   140.2000     2.2361
   589     0.8188     0.6613    16.0276   132.6000   122.9760   140.2000     2.2361
   590     0.8262     0.6326    15.4862   134.2000   123.7720   140.2000     2.2361
   591     0.8275     0.6985    15.9660   134.0000   122.7360   140.2000     2.2361
   592     0.8162     0.6360    15.5794   134.4000   123.4840   140.2000     2.2361
   593     0.8079     0.6457    16.0891   132.0000   122.5640   140.2000     2.2361
   594     0.8175     0.6809    16.5873   131.4000   122.1040   140.2000     2.2361
   595     0.8191     0.6600    16.3257   131.6000   122.0200   140.2000     2.2361
   596     0.8038     0.6450    16.3393   132.6000   122.4360   140.2000     2.2361
   597     0.8125     0.6391    16.1827   132.4000   122.2520   140.2000     2.2361
   598     0.8125     0.6753    16.7610   131.0000   121.2920   140.2000     2.2361
   599     0.8175     0.6290    16.1833   131.6000   122.4400   140.2000     2.2361
   600     0.8163     0.6467    16.6986   133.4000   122.3200   140.2000     2.2361
   601     0.8137     0.6646    17.2792   132.4000   121.4480   140.2000     2.2361
   602     0.8215     0.6543    16.2655   132.8000   122.2520   140.2000     2.2361
   603     0.8063     0.6341    16.5386   133.4000   121.7840   140.2000     2.2361
   604     0.8212     0.6355    16.9293   132.0000   121.2200   140.2000     2.2361
   605     0.8075     0.6288    16.5998   133.2000   121.6000   140.2000     2.2361
   606     0.8163     0.6840    16.6953   133.0000   121.1880   140.2000     2.2361
   607     0.8050     0.6373    16.0841   132.2000   121.8360   140.2000     2.2361
   608     0.8200     0.6512    16.2447   132.4000   121.5000   140.2000     2.2361
   609     0.8150     0.6777    16.1670   132.0000   121.8120   140.2000     2.2361
   610     0.8212     0.6601    16.0020   132.4000   122.1480   140.2000     2.2361
   611     0.8125     0.6683    16.2604   133.6000   122.8560   140.2000     2.2361
   612     0.8187     0.6626    16.5515   131.8000   122.1200   140.2000     2.2361
   613     0.8278     0.6647    16.7156   133.4000   122.0720   140.2000     2.2361
   614     0.8137     0.6403    16.2483   133.4000   122.6840   140.2000     2.2361
   615     0.8163     0.6628    16.3200   133.2000   122.5000   140.2000     2.2361
   616     0.8113     0.6440    16.5100   132.2000   122.9280   140.2000     2.2361
   617     0.8025     0.6464    16.4446   132.2000   123.0400   140.2000     2.2361
   618     0.8075     0.6653    16.7174   133.6000   122.1520   140.2000     2.2361
   619     0.8263     0.6638    17.2459   132.8000   121.9040   140.2000     2.2361
   620     0.8225     0.6498    16.4278   133.6000   122.9440   140.2000     2.2361
   621     0.8175     0.6871    17.3940   134.0000   122.5320   140.2000     2.2361
   622     0.8112     0.6698    17.0258   132.4000   122.4200   140.2000     2.2361
   623     0.8137     0.6827    17.0756   133.0000   122.5000   140.2000     2.2361
   624     0.8058     0.6687    16.6193   132.4000   123.3880   140.2000     2.2361
   625     0.8113     0.6537    16.5595   133.0000   123.3400   140.2000     2.2361
   626     0.8137     0.6561    16.6108   132.8000   122.8000   140.2000     2.2361
   627     0.8188     0.6531    16.8573   133.0000   122.6680   140.2000     2.2361
   628     0.8225     0.6328    17.7817   132.2000   122.1200   140.2000     2.2361
   629     0.8175     0.6945    18.0024   132.6000   121.5400   140.2000     2.2361
   630     0.8263     0.6811    17.6632   132.8000   122.2440   140.2000     2.2361
   631     0.8212     0.7027    17.2222   132.2000   122.7400   140.2000     2.2361
   632     0.8175     0.6452    16.6300   134.4000   123.1320   140.2000     2.2361
   633     0.8188     0.6817    17.3064   132.6000   121.8880   140.2000     2.2361
   634     0.8163     0.6438    16.2109   133.4000   123.5800   140.2000     2.2361
   635     0.8250     0.6816    16.9762   132.6000   122.5840   140.2000     2.2361
   636     0.8350     0.6864    15.9334   133.8000   123.9560   140.2000     2.2361
   637     0.8292     0.6590    15.5055   135.0000   125.1080   140.2000     2.2361
   638     0.8278     0.6789    15.4720   134.0000   124.3480   140.2000     2.2361
   639     0.8238     0.6819    15.7607   134.8000   124.3440   140.2000     2.2361
   640     0.8237     0.6896    15.8759   133.4000   124.6480   140.2000     2.2361
   641     0.8300     0.6752    15.5445   133.4000   124.6960   140.2000     2.2361
   642     0.8238     0.6896    15.3321   133.8000   124.6600   140.2000     2.2361
   643     0.8313     0.6518    15.6839   133.4000   124.4840   140.2000     2.2361
   644     0.8188     0.6764    15.5339   133.2000   124.6840   140.2000     2.2361
   645     0.8213     0.6614    15.8191   133.6000   124.3160   140.2000     2.2361
   646     0.8263     0.6605    16.1784   133.4000   123.4960   140.2000     2.2361
   647     0.8238     0.6836    16.1148   133.8000   123.5520   140.2000     2.2361
   648     0.8325     0.6709    15.5353   133.8000   124.4880   140.2000     2.2361
   649     0.8237     0.6885    15.8496   135.0000   124.8840   140.2000     2.2361
   650     0.8262     0.6890    15.7959   134.2000   125.1080   140.2000     2.2361
   651     0.8212     0.6870    15.9626   133.4000   124.4680   140.2000     2.2361
   652     0.8238     0.6869    15.8914   133.0000   124.8120   140.2000     2.2361
   653     0.8290     0.6871    16.3014   135.0000   124.4800   140.2000     2.2361
   654     0.8331     0.6726    16.1007   135.2000   124.6400   140.2000     2.2361
   655     0.8388     0.6897    16.0704   135.2000   124.8720   140.2000     2.2361
   656     0.8213     0.6367    15.8204   134.8000   124.7920   140.2000     2.2361
   657     0.8142     0.6392    16.5927   133.6000   123.8040   140.2000     2.2361
   658     0.8154     0.6997    17.0712   134.4000   123.6160   140.2000     2.2361
   659     0.8200     0.6566    16.7451   133.4000   123.2080   140.2000     2.2361
   660     0.8238     0.6388    16.8805   134.8000   123.6240   140.2000     2.2361
   661     0.8225     0.6470    17.1579   135.2000   123.1320   140.2000     2.2361
   662     0.8225     0.6398    17.3657   134.0000   122.7640   140.2000     2.2361
   663     0.8275     0.6637    17.3726   132.6000   122.2120   140.2000     2.2361
   664     0.8175     0.6615    16.9998   133.8000   123.2960   140.2000     2.2361
   665     0.8138     0.6687    16.8328   133.4000   122.9000   140.2000     2.2361
   666     0.8113     0.6628    17.2743   132.6000   122.1840   140.2000     2.2361
   667     0.8188     0.6645    17.3184   132.6000   121.9960   140.2000     2.2361
   668     0.8125     0.6349    17.0389   133.6000   122.5280   140.2000     2.2361
   669     0.8162     0.6453    16.7241   133.0000   122.4920   140.2000     2.2361
   670     0.8175     0.6174    16.3254   134.0000   122.9360   140.2000     2.2361
   671     0.8125     0.6275    16.7172   133.6000   122.7400   140.2000     2.2361
   672     0.8125     0.6546    16.9675   132.6000   121.8160   140.2000     2.2361
   673     0.8050     0.6544    16.9551   131.8000   121.5880   140.2000     2.2361
   674     0.8050     0.6524    17.4245   130.4000   121.1440   140.2000     2.2361
   675     0.8188     0.6636    17.6108   132.4000   121.2040   140.2000     2.2361
   676     0.8137     0.6250    17.3789   133.2000   121.3600   140.2000     2.2361
   677     0.8250     0.6575    17.7811   132.0000   120.7200   140.2000     2.2361
   678     0.8225     0.6379    16.9216   133.6000   121.7840   140.2000     2.2361
   679     0.8288     0.6759    17.0906   132.6000   121.6360   140.2000     2.2361
   680     0.8150     0.6452    16.0893   134.2000   123.6280   140.2000     2.2361
   681     0.8237     0.6685    16.5884   134.0000   123.3000   140.2000     2.2361
   682     0.8112     0.6233    16.1123   134.0000   123.3320   140.2000     2.2361
   683     0.8187     0.6455    16.4536   132.0000   122.8200   140.2000     2.2361
   684     0.8079     0.6625    16.3641   131.8000   122.6200   140.2000     2.2361
   685     0.8225     0.6519    16.3731   132.8000   122.3600   140.2000     2.2361
   686     0.8150     0.6910    16.7033   132.4000   121.9440   140.2000     2.2361
   687     0.8187     0.6739    16.5334   132.4000   122.3720   140.2000     2.2361
   688     0.8137     0.6659    16.2366   132.8000   123.3800   140.2000     2.2361
   689     0.8166     0.6683    16.3071   132.4000   123.7000   140.2000     2.2361
   690     0.8288     0.6846    16.0503   134.0000   124.3720   140.2000     2.2361
   691     0.8225     0.6773    16.1492   133.6000   124.0360   140.2000     2.2361
   692     0.8288     0.6603    15.9456   133.6000   124.6480   140.2000     2.2361
   693     0.8288     0.6869    16.4307   133.6000   123.9880   140.2000     2.2361
   694     0.8250     0.6467    16.3912   133.4000   124.2760   140.2000     2.2361
   695     0.8163     0.6439    16.3572   132.8000   123.1000   140.2000     2.2361
   696     0.8200     0.6598    16.8152   133.4000   122.5680   140.2000     2.2361
   697     0.8313     0.6980    16.7144   133.6000   122.5320   140.2000     2.2361
   698     0.8275     0.6680    15.9166   133.8000   124.1440   140.2000     2.2361
   699     0.8163     0.6527    16.0016   134.0000   123.5960   140.2000     2.2361
   700     0.8200     0.6453    16.3876   132.2000   123.2760   140.2000     2.2361
   701     0.8113     0.6636    16.4658   132.6000   122.7480   140.2000     2.2361
   702     0.8137     0.6666    16.5383   133.6000   122.7640   140.2000     2.2361
   703     0.8225     0.6560    16.0438   132.8000   122.6480   140.2000     2.2361
   704     0.8125     0.6819    16.6170   132.4000   122.4800   140.2000     2.2361
   705     0.8125     0.6653    16.2790   132.0000   122.7000   140.2000     2.2361
   706     0.8225     0.6620    17.1737   133.0000   122.3360   140.2000     2.2361
   707     0.8137     0.6264    16.1211   133.2000   122.9920   140.2000     2.2361
   708     0.8105     0.6692    16.1695   131.8000   122.1600   140.2000     2.2361
   709     0.8192     0.6912    16.4036   132.0000   122.4320   140.2000     2.2361
   710     0.8200     0.6808    16.3153   134.2000   122.6520   140.2000     2.2361
   711     0.8250     0.6782    16.7063   133.6000   122.7680   140.2000     2.2361
   712     0.8225     0.6539    16.5149   133.0000   123.5040   140.2000     2.2361
   713     0.8150     0.6585    16.2418   133.0000   122.8440   140.2000     2.2361
   714     0.8200     0.6637    16.3843   134.2000   122.7200   140.4000     2.2361
   715     0.8300     0.6633    16.1944   134.2000   123.2160   140.4000     2.2361
   716     0.8263     0.6385    16.6696   134.4000   123.0960   140.4000     2.2361
   717     0.8288     0.6852    16.6829   134.2000   123.3920   140.4000     2.2361
   718     0.8262     0.6496    16.1904   133.8000   124.0840   140.4000     2.2361
   719     0.8300     0.6617    15.9847   134.2000   124.1040   140.4000     2.2361
   720     0.8262     0.6740    15.8452   134.6000   124.4840   140.4000     2.2361
   721     0.8212     0.6651    16.5091   133.4000   123.8400   140.4000     2.2361
   722     0.8262     0.6307    16.4327   133.6000   124.0000   140.4000     2.2361
   723     0.8193     0.6101    16.6914   134.4000   123.3680   140.4000     2.2361
   724     0.8287     0.6373    17.3651   133.2000   121.6960   140.4000     2.2361
   725     0.8212     0.6740    17.6395   134.2000   122.6040   140.4000     2.2361
   726     0.8088     0.6583    17.2658   132.6000   122.4400   140.4000     2.2361
   727     0.8125     0.6649    17.6522   131.0000   122.2320   140.4000     2.2361
   728     0.8129     0.6365    17.4669   131.8000   121.8440   140.4000     2.2361
   729     0.8187     0.6542    16.8428   132.2000   122.2960   140.4000     2.2361
   730     0.8262     0.6904    17.1773   134.0000   121.8760   140.4000     2.2361
   731     0.8275     0.6601    17.6108   133.2000   121.2800   140.4000     2.2361
   732     0.8138     0.6864    17.4807   132.4000   121.3520   140.4000     2.2361
   733     0.8204     0.6078    16.1298   131.8000   122.8640   140.4000     2.2361
   734     0.8225     0.6520    16.9447   132.6000   122.0280   140.4000     2.2361
   735     0.8291     0.6517    17.1357   134.4000   121.9920   140.4000     2.2361
   736     0.8150     0.6418    16.3904   135.0000   122.6640   140.4000     2.2361
   737     0.8100     0.6551    16.7571   131.8000   121.8120   140.4000     2.2361
   738     0.8250     0.6489    16.7149   132.6000   121.9560   140.4000     2.2361
   739     0.8125     0.6456    16.8263   133.8000   122.4040   140.4000     2.2361
   740     0.8200     0.6689    16.2171   134.0000   122.5520   140.4000     2.2361
   741     0.8188     0.6882    16.7843   132.8000   122.5440   140.4000     2.2361
   742     0.8125     0.6309    16.8684   132.8000   122.9480   140.4000     2.2361
   743     0.8100     0.6383    17.0869   130.8000   122.1400   140.4000     2.2361
   744     0.8212     0.6748    17.2028   132.6000   122.3480   140.4000     2.2361
   745     0.8225     0.6683    17.0913   133.0000   122.9120   140.4000     2.2361
   746     0.8200     0.6754    16.9897   132.6000   122.8600   140.4000     2.2361
   747     0.8200     0.6662    17.2560   133.4000   123.1400   140.4000     2.2361
   748     0.8275     0.6540    16.6851   134.0000   123.3440   140.4000     2.2361
   749     0.8075     0.6433    16.6341   134.4000   123.1240   140.4000     2.2361
   750     0.8167     0.6700    16.8384   132.2000   122.3120   140.4000     2.2361
   751     0.8163     0.6381    17.0346   133.2000   122.4000   140.4000     2.2361
   752     0.8150     0.6751    18.0519   132.8000   120.8480   140.4000     2.2361
   753     0.8112     0.6802    18.2950   132.0000   121.1240   140.4000     2.2361
   754     0.8138     0.6625    17.7793   132.4000   121.6640   140.4000     2.2361
   755     0.8105     0.6703    17.3760   132.0000   121.9960   140.4000     2.2361
   756     0.8212     0.6364    17.0922   132.4000   122.3040   140.4000     2.2361
   757     0.8275     0.6567    17.0490   133.0000   122.2040   140.4000     2.2361
   758     0.8187     0.6403    16.8473   133.2000   122.9280   140.4000     2.2361
   759     0.8263     0.6941    17.6764   133.4000   121.8920   140.4000     2.2361
   760     0.8212     0.6573    16.9633   134.6000   123.1960   140.4000     2.2361
   761     0.8250     0.6708    17.1548   134.2000   123.7440   140.4000     2.2361
   762     0.8363     0.6763    17.0279   134.8000   124.0600   140.4000     2.2361
   763     0.8312     0.6622    16.9817   135.2000   124.4040   140.4000     2.2361
   764     0.8338     0.6765    17.2158   134.6000   124.2840   140.4000     2.2361
   765     0.8300     0.6981    17.4184   134.0000   124.3400   140.4000     2.2361
   766     0.8425     0.6436    17.6067   135.6000   124.1760   140.4000     2.2361
   767     0.8325     0.6536    17.9193   136.8000   122.9560   140.4000     2.2361
   768     0.8250     0.6700    18.5180   134.0000   122.7080   140.4000     2.2361
   769     0.8337     0.6761    18.2042   135.8000   123.2360   140.4000     2.2361
   770     0.8325     0.6550    16.8015   134.8000   124.4840   140.4000     2.2361
   771     0.8337     0.6795    16.7708   135.0000   124.2920   140.4000     2.2361
   772     0.8362     0.6615    16.7473   135.2000   123.6840   140.4000     2.2361
   773     0.8367     0.6724    16.4183   135.4000   125.0320   140.4000     2.2361
   774     0.8325     0.6765    16.5277   135.6000   124.5400   140.4000     2.2361
   775     0.8285     0.6658    16.8918   136.2000   123.8480   140.4000     2.2361
   776     0.8275     0.6761    16.6950   136.8000   124.4960   140.4000     2.2361
   777     0.8300     0.6451    16.7517   135.0000   124.8840   140.4000     2.2361
   778     0.8287     0.6927    17.3639   135.6000   124.0920   140.4000     2.2361
   779     0.8188     0.6570    17.7047   135.0000   123.5080   140.4000     2.2361
   780     0.8250     0.6793    18.1482   134.2000   122.7960   140.4000     2.2361
   781     0.8275     0.6687    17.5909   134.6000   123.3560   140.4000     2.2361
   782     0.8300     0.6731    17.4867   133.8000   123.7000   140.4000     2.2361
   783     0.8288     0.7038    17.6366   133.8000   123.7120   140.4000     2.2361
   784     0.8363     0.6839    17.1562   134.4000   124.2360   140.4000     2.2361
   785     0.8275     0.6675    17.2031   134.8000   124.4040   140.4000     2.2361
   786     0.8525     0.7118    17.2408   136.4000   124.5600   140.8000     2.2361
   787     0.8488     0.6985    16.9164   137.2000   124.7520   140.8000     2.2361
   788     0.8475     0.7136    16.8243   137.0000   125.4720   140.8000     2.2361
   789     0.8425     0.6816    16.0918   138.0000   126.9880   141.2000     2.2361
   790     0.8438     0.6709    15.5156   136.6000   127.0720   141.2000     2.2361
   791     0.8413     0.6784    15.4328   136.8000   126.7760   141.2000     2.2361
   792     0.8500     0.6719    15.3122   136.6000   127.3840   141.2000     2.2361
   793     0.8463     0.6755    16.1107   136.4000   126.2680   141.2000     2.2361
   794     0.8363     0.6799    16.0651   136.6000   126.1760   141.2000     2.2361
   795     0.8350     0.7094    15.9608   137.0000   126.1000   141.2000     2.2361
   796     0.8463     0.6781    15.7384   136.0000   126.2360   141.2000     2.2361
   797     0.8487     0.6278    16.1203   137.2000   126.1000   141.2000     2.2361
   798     0.8392     0.6691    16.3912   137.0000   125.3720   141.2000     2.2361
   799     0.8200     0.6681    16.7809   135.4000   124.6200   141.2000     2.2361
   800     0.8287     0.6834    17.3254   135.4000   123.8920   141.2000     2.2361
   801     0.8187     0.6580    16.9847   134.8000   123.7680   141.2000     2.2361
   802     0.8338     0.6766    16.6407   135.6000   124.9520   141.2000     2.2361
   803     0.8300     0.6396    16.3309   136.0000   125.0960   141.2000     2.2361
   804     0.8375     0.6672    16.7812   135.0000   124.2240   141.2000     2.2361
   805     0.8390     0.6777    15.9460   135.8000   125.2400   141.2000     2.2361
   806     0.8213     0.6401    16.0776   135.2000   124.1800   141.2000     2.2361
   807     0.8200     0.6871    17.2344   133.4000   123.9000   141.2000     2.2361
   808     0.8250     0.6156    16.7264   133.8000   123.8720   141.2000     2.2361
   809     0.8275     0.6636    17.1275   134.2000   122.8760   141.2000     2.2361
   810     0.8215     0.6394    16.6743   133.8000   123.9320   141.2000     2.2361
   811     0.8192     0.6557    17.2537   134.4000   122.7080   141.2000     2.2361
   812     0.8300     0.6633    17.3024   133.4000   122.7880   141.2000     2.2361
   813     0.8237     0.6508    17.3948   134.2000   122.2960   141.2000     2.2361
   814     0.8253     0.6611    17.1530   135.0000   122.6080   141.2000     2.2361
   815     0.8350     0.6536    17.0122   134.8000   123.4280   141.2000     2.2361
   816     0.8200     0.6481    17.2547   134.6000   122.5600   141.2000     2.2361
   817     0.8362     0.6388    17.3334   135.0000   122.4120   141.2000     2.2361
   818     0.8263     0.6564    17.4454   135.0000   123.1400   141.2000     2.2361
   819     0.8225     0.6976    17.2344   133.0000   123.2840   141.2000     2.2361
   820     0.8325     0.6708    16.7652   134.6000   123.2720   141.2000     2.2361
   821     0.8325     0.6528    16.1621   136.6000   124.5600   141.2000     2.2361
   822     0.8225     0.6609    16.3246   134.8000   124.3280   141.2000     2.2361
   823     0.8313     0.6723    16.0640   134.2000   124.8040   141.2000     2.2361
   824     0.8250     0.6127    16.0671   135.6000   124.6920   141.2000     2.2361
   825     0.8275     0.6651    17.2710   135.0000   122.3000   141.2000     2.2361
   826     0.8291     0.6547    16.4735   134.6000   123.3760   141.2000     2.2361
   827     0.8288     0.6495    16.4315   135.8000   123.7680   141.2000     2.2361
   828     0.8200     0.6419    16.3265   135.8000   124.0560   141.2000     2.2361
   829     0.8328     0.6640    16.5352   134.2000   123.3960   141.2000     2.2361
   830     0.8300     0.6521    16.0380   134.6000   124.0640   141.2000     2.2361
   831     0.8354     0.6630    15.9262   134.4000   123.8360   141.2000     2.2361
   832     0.8312     0.6694    16.0676   134.8000   123.3720   141.2000     2.2361
   833     0.8291     0.6720    16.2619   134.8000   123.2200   141.2000     2.2361
   834     0.8350     0.6741    16.4723   136.2000   123.5760   141.2000     2.2361
   835     0.8388     0.6609    16.5997   136.0000   123.5040   141.2000     2.2361
   836     0.8413     0.6742    16.4743   136.2000   123.4880   141.2000     2.2361
   837     0.8313     0.6587    15.6697   137.4000   123.9920   141.4000     2.2361
   838     0.8402     0.6654    15.7491   137.4000   124.1600   141.4000     2.2361
   839     0.8343     0.6453    15.0839   136.4000   125.1280   141.4000     2.2361
   840     0.8292     0.6774    15.5029   136.2000   124.7760   141.4000     2.2361
   841     0.8200     0.6188    16.0766   134.8000   124.3440   141.4000     2.2361
   842     0.8288     0.6770    16.7546   134.8000   122.3040   141.4000     2.2361
   843     0.8215     0.6050    15.9050   134.4000   122.9160   141.4000     2.2361
   844     0.8225     0.6584    16.2862   134.2000   122.6520   141.4000     2.2361
   845     0.8187     0.6728    16.5064   134.4000   122.2040   141.4000     2.2361
   846     0.8230     0.6735    16.8033   133.8000   122.0840   141.4000     2.2361
   847     0.8375     0.6791    16.5308   135.6000   122.3760   141.4000     2.2361
   848     0.8325     0.6344    16.6549   135.4000   122.6040   141.4000     2.2361
   849     0.8232     0.6412    16.5091   135.0000   122.5040   141.4000     2.2361
   850     0.8213     0.6543    16.6170   136.0000   122.6960   141.4000     2.2361
   851     0.8350     0.6818    17.6844   134.2000   121.1400   141.4000     2.2361
   852     0.8216     0.6709    17.5556   135.2000   121.9720   141.4000     2.2361
   853     0.8350     0.6711    17.7967   134.6000   122.8520   141.4000     2.2361
   854     0.8338     0.6653    16.6083   135.6000   123.6520   141.4000     2.2361
   855     0.8425     0.6779    16.8152   135.4000   123.7320   141.4000     2.2361
   856     0.8387     0.6645    16.3409   135.4000   124.9160   141.4000     2.2361
   857     0.8437     0.6946    16.0864   136.2000   125.2040   141.4000     2.2361
   858     0.8425     0.6684    16.2008   137.0000   125.6280   141.4000     2.2361
   859     0.8388     0.6867    15.8914   136.0000   126.1480   141.4000     2.2361
   860     0.8329     0.6351    15.7092   136.0000   126.6480   141.4000     2.2361
   861     0.8337     0.6437    16.2509   136.2000   126.1160   141.4000     2.2361
   862     0.8290     0.6533    16.2867   134.6000   124.8080   141.4000     2.2361
   863     0.8325     0.6476    16.6993   134.6000   124.0400   141.4000     2.2361
   864     0.8262     0.6689    17.3143   136.6000   124.0120   141.4000     2.2361
   865     0.8250     0.6470    16.9704   133.8000   123.4760   141.4000     2.2361
   866     0.8225     0.6487    16.9582   133.8000   123.2200   141.4000     2.2361
   867     0.8350     0.6663    16.4957   134.4000   123.4680   141.4000     2.2361
   868     0.8275     0.6718    16.4367   134.6000   123.1400   141.4000     2.2361
   869     0.8263     0.6774    16.4042   133.6000   123.7680   141.4000     2.2361
   870     0.8325     0.6839    16.3703   134.4000   123.6240   141.4000     2.2361
   871     0.8288     0.6685    15.7401   135.0000   124.5280   141.4000     2.2361
   872     0.8325     0.6673    15.8793   135.4000   124.2360   141.6000     2.2361
   873     0.8263     0.6800    15.8039   135.8000   124.4560   141.6000     2.2361
   874     0.8313     0.6984    15.6682   133.6000   124.5920   141.6000     2.2361
   875     0.8212     0.6692    15.5042   135.4000   124.9360   141.6000     2.2361
   876     0.8300     0.6544    15.9851   134.4000   124.1720   141.6000     2.2361
   877     0.8350     0.6654    16.3244   134.8000   124.0560   141.6000     2.2361
   878     0.8400     0.6879    16.3793   135.6000   124.8000   141.6000     2.2361
   879     0.8250     0.6600    16.0911   135.4000   124.8840   141.6000     2.2361
   880     0.8225     0.6652    16.2248   134.0000   124.0800   141.6000     2.2361
   881     0.8300     0.6856    16.4038   135.2000   123.8160   141.6000     2.2361
   882     0.8212     0.6585    16.3257   135.2000   124.3320   141.6000     2.2361
   883     0.8275     0.6459    16.7527   134.8000   124.0360   141.6000     2.2361
   884     0.8350     0.6719    16.7522   135.4000   124.4160   141.6000     2.2361
   885     0.8337     0.7060    16.7437   135.2000   124.4000   141.6000     2.2361
   886     0.8287     0.6783    16.1143   134.6000   125.2920   141.6000     2.2361
   887     0.8388     0.6730    15.5113   134.2000   125.3360   141.6000     2.2361
   888     0.8300     0.6550    15.5807   135.8000   125.7480   141.6000     2.2361
   889     0.8300     0.7058    16.1966   135.6000   124.4240   141.6000     2.2361
   890     0.8312     0.6862    16.4093   134.0000   124.2640   141.6000     2.2361
   891     0.8375     0.6814    16.3344   136.4000   124.9280   141.6000     2.2361
   892     0.8237     0.6729    16.1417   135.8000   124.7640   141.6000     2.2361
   893     0.8265     0.6824    16.7012   134.4000   124.3880   141.6000     2.2361
   894     0.8213     0.6513    16.8364   134.4000   123.8520   141.6000     2.2361
   895     0.8138     0.6324    17.6508   133.4000   122.9880   141.6000     2.2361
   896     0.8225     0.6787    17.6496   133.8000   122.3640   141.6000     2.2361
   897     0.8205     0.6172    17.2307   133.4000   123.1800   141.6000     2.2361
   898     0.8175     0.6438    17.7024   134.4000   122.4560   141.6000     2.2361
   899     0.8212     0.6804    17.9876   132.0000   121.5960   141.6000     2.2361
   900     0.8200     0.6800    17.4173   133.4000   122.3360   141.6000     2.2361
   901     0.8138     0.6402    16.6963   134.0000   123.0760   141.6000     2.2361
   902     0.8313     0.6824    17.3252   133.6000   122.0600   141.6000     2.2361
   903     0.8263     0.6812    17.3917   133.8000   122.5160   141.6000     2.2361
   904     0.8400     0.6817    16.9238   134.8000   123.4960   141.6000     2.2361
   905     0.8288     0.6797    17.2993   136.0000   124.0880   141.6000     2.2361
   906     0.8187     0.6697    17.1290   134.6000   123.6560   141.6000     2.2361
   907     0.8138     0.6146    16.9055   132.4000   123.3080   141.6000     2.2361
   908     0.8263     0.6438    16.8816   132.8000   122.4680   141.6000     2.2361
   909     0.8188     0.6173    16.3229   133.2000   123.3040   141.6000     2.2361
   910     0.8212     0.6681    16.9144   133.6000   122.5680   141.6000     2.2361
   911     0.8200     0.6746    16.5693   132.2000   122.9360   141.6000     2.2361
   912     0.8288     0.6789    16.7860   134.4000   123.1240   141.6000     2.2361
   913     0.8267     0.6486    16.2607   134.0000   123.2880   141.6000     2.2361
   914     0.8287     0.6240    16.3494   134.4000   123.2200   141.6000     2.2361
   915     0.8300     0.6871    16.6204   135.8000   122.7920   141.6000     2.2361
   916     0.8250     0.6516    15.9896   136.4000   124.1000   141.6000     2.2361
   917     0.8387     0.6528    16.2454   136.2000   124.1200   141.6000     2.2361
   918     0.8250     0.6641    16.7869   134.8000   123.9320   141.6000     2.2361
   919     0.8325     0.6684    15.8635   133.8000   124.4080   141.6000     2.2361
   920     0.8325     0.6585    16.0684   134.2000   124.6360   141.6000     2.2361
   921     0.8425     0.6454    15.9851   136.2000   125.2840   141.6000     2.2361
   922     0.8337     0.6621    15.9708   135.6000   125.1640   141.6000     2.2361
   923     0.8375     0.6887    16.2372   136.0000   124.9400   141.6000     2.2361
   924     0.8325     0.6307    15.9042   135.8000   125.4200   141.6000     2.2361
   925     0.8312     0.6830    16.4016   135.0000   123.8960   141.6000     2.2361
   926     0.8316     0.6479    16.3776   135.2000   124.6560   141.6000     2.2361
   927     0.8362     0.6791    16.5313   135.4000   123.4360   141.6000     2.2361
   928     0.8340     0.6684    16.6264   136.0000   123.6080   141.6000     2.2361
   929     0.8265     0.6704    17.4305   135.8000   122.2960   141.6000     2.2361
   930     0.8263     0.6982    17.2026   137.0000   122.3240   141.6000     2.2361
   931     0.8241     0.6449    17.0998   133.8000   122.7280   141.6000     2.2361
   932     0.8204     0.6733    17.0113   133.8000   122.2720   141.6000     2.2361
   933     0.8275     0.6473    16.5510   133.8000   122.6360   141.6000     2.2361
   934     0.8288     0.6899    17.2531   136.4000   122.1640   141.6000     2.2361
   935     0.8291     0.6555    16.7989   134.6000   123.0760   141.6000     2.2361
   936     0.8163     0.6450    16.6196   133.8000   123.0120   141.6000     2.2361
   937     0.8225     0.6719    16.1974   133.2000   122.7280   141.6000     2.2361
   938     0.8350     0.6994    15.7264   134.6000   123.3280   141.6000     2.2361
   939     0.8337     0.6681    16.0408   135.4000   123.6440   141.6000     2.2361
   940     0.8150     0.6487    15.5915   135.8000   124.1960   141.6000     2.2361
   941     0.8275     0.6519    15.9706   134.2000   123.2400   141.6000     2.2361
   942     0.8288     0.6871    16.1229   135.2000   122.9760   141.6000     2.2361
   943     0.8300     0.6844    15.6258   135.6000   123.5280   141.6000     2.2361
   944     0.8288     0.6585    15.3567   134.0000   123.4200   141.6000     2.2361
   945     0.8163     0.6521    15.6527   133.4000   123.5200   141.6000     2.2361
   946     0.8375     0.6468    16.0836   135.0000   123.9480   141.6000     2.2361
   947     0.8313     0.6473    16.2653   135.8000   123.6920   141.6000     2.2361
   948     0.8250     0.6527    16.6444   134.6000   123.2560   141.6000     2.2361
   949     0.8275     0.6764    16.8975   134.0000   123.0280   141.6000     2.2361
   950     0.8325     0.6648    16.4140   134.2000   124.6120   141.6000     2.2361
   951     0.8200     0.6907    16.2810   136.2000   124.3800   141.6000     2.2361
   952     0.8337     0.6676    16.3112   133.6000   124.1720   141.6000     2.2361
   953     0.8325     0.6995    16.7665   134.6000   124.3000   141.6000     2.2361
   954     0.8300     0.7035    16.4171   135.6000   124.8840   141.6000     2.2361
   955     0.8375     0.6794    16.1651   134.8000   125.3160   141.6000     2.2361
   956     0.8337     0.6823    16.2405   135.0000   124.9920   141.6000     2.2361
   957     0.8375     0.7039    16.0820   135.4000   125.1360   141.6000     2.2361
   958     0.8391     0.6930    15.8359   137.0000   125.1520   141.8000     2.2361
   959     0.8318     0.6584    15.7469   137.0000   125.8200   141.8000     2.2361
   960     0.8363     0.6453    15.7700   136.4000   125.7480   141.8000     2.2361
   961     0.8262     0.6648    15.6720   135.4000   125.2480   141.8000     2.2361
   962     0.8188     0.6543    15.6310   134.8000   125.4040   141.8000     2.2361
   963     0.8237     0.6604    16.3445   133.2000   124.1360   141.8000     2.2361
   964     0.8266     0.6739    16.1962   134.4000   124.2280   141.8000     2.2361
   965     0.8375     0.7099    16.3832   135.0000   124.4200   141.8000     2.2361
   966     0.8412     0.7095    16.2836   135.6000   125.3240   141.8000     2.2361
   967     0.8425     0.6742    15.8439   135.6000   125.9760   141.8000     2.2361
   968     0.8475     0.6939    15.8490   137.2000   126.1960   141.8000     2.2361
   969     0.8500     0.6729    15.1760   138.4000   126.5240   141.8000     2.2361
   970     0.8450     0.6762    15.3298   136.8000   126.4600   141.8000     2.2361
   971     0.8350     0.7128    15.7958   136.8000   125.7160   141.8000     2.2361
   972     0.8337     0.6737    15.9474   136.8000   126.1280   142.0000     2.2361
   973     0.8390     0.6781    16.6829   136.2000   125.3360   142.0000     2.2361
   974     0.8325     0.6753    16.3113   136.2000   125.7640   142.0000     2.2361
   975     0.8350     0.6684    16.4119   134.6000   125.3400   142.0000     2.2361
   976     0.8325     0.6885    17.0643   135.4000   124.8240   142.0000     2.2361
   977     0.8362     0.6301    16.4650   136.0000   125.0960   142.0000     2.2361
   978     0.8288     0.6451    16.7086   136.8000   124.7360   142.0000     2.2361
   979     0.8238     0.6924    16.5393   133.6000   123.6760   142.0000     2.2361
   980     0.8313     0.6832    16.4289   134.6000   123.6680   142.0000     2.2361
   981     0.8338     0.6824    16.4436   135.0000   124.5640   142.0000     2.2361
   982     0.8337     0.6586    15.8467   134.4000   124.8920   142.0000     2.2361
   983     0.8250     0.6522    15.7543   135.0000   124.9320   142.0000     2.2361
   984     0.8400     0.6906    15.8761   135.8000   124.3840   142.0000     2.2361
   985     0.8431     0.6479    15.2194   137.0000   125.2480   142.0000     2.2361
   986     0.8258     0.6518    15.5853   137.8000   124.8200   142.0000     2.2361
   987     0.8241     0.6591    16.0116   134.8000   123.5400   142.0000     2.2361
   988     0.8366     0.6683    16.8813   135.2000   122.9960   142.0000     2.2361
   989     0.8250     0.7032    16.1682   135.4000   123.9120   142.0000     2.2361
   990     0.8187     0.6885    16.5409   134.2000   123.3360   142.0000     2.2361
   991     0.8303     0.6795    16.3092   134.6000   123.3600   142.0000     2.2361
   992     0.8279     0.6583    15.9063   135.6000   123.7440   142.0000     2.2361
   993     0.8300     0.6538    15.7860   135.8000   124.0440   142.0000     2.2361
   994     0.8425     0.6722    16.3749   136.2000   123.2840   142.0000     2.2361
   995     0.8375     0.7124    16.3879   136.2000   124.0800   142.0000     2.2361
   996     0.8267     0.6866    16.2878   134.8000   124.5720   142.0000     2.2361
   997     0.8325     0.6843    16.9007   135.2000   124.5480   142.0000     2.2361
   998     0.8300     0.6445    16.7285   134.2000   124.9720   142.0000     2.2361
   999     0.8250     0.6062    15.6800   135.0000   125.2560   142.0000     2.2361
  1000     0.8337     0.6602    15.7891   136.6000   124.8960   142.0000     2.2361
