     1     0.2538     0.1661    14.9928   228.4000   149.4960   228.4000     2.1909
     2     0.2588     0.1501    14.2857   241.2000   168.1280   241.2000     2.1909
     3     0.2529     0.1454    13.9326   244.0000   172.8560   246.4000     2.1909
     4     0.2607     0.1484    13.6953   248.0000   172.4800   249.6000     2.1909
     5     0.2529     0.1427    13.3827   241.6000   169.8160   249.6000     2.1909
     6     0.2556     0.1485    12.9001   239.2000   177.2240   250.0000     2.1909
     7     0.2636     0.1389    12.6369   252.8000   178.5680   256.4000     2.1909
     8     0.2516     0.1357    12.3424   253.2000   179.4160   261.2000     2.1909
     9     0.2507     0.1381    11.7249   258.0000   181.8800   262.0000     2.1909
    10     0.2562     0.1401    11.5073   254.0000   184.1280   263.2000     2.1909
    11     0.2529     0.1405    11.4767   241.2000   179.9120   263.2000     2.1909
    12     0.2587     0.1360    11.3683   250.4000   187.5600   264.0000     2.1909
    13     0.2735     0.1437    11.1038   251.6000   185.4000   267.2000     2.1909
    14     0.2551     0.1470    11.0216   254.0000   189.4480   267.2000     2.1909
    15     0.2702     0.1527    10.7478   246.0000   186.7840   267.2000     2.1909
    16     0.2627     0.1492    10.3332   254.0000   195.9440   267.6000     2.1909
    17     0.2459     0.1440    10.0470   256.0000   192.7840   271.2000     2.1909
    18     0.2536     0.1436     9.7646   254.8000   196.1280   271.2000     2.1909
    19     0.2764     0.1526     9.7610   265.2000   201.4880   271.2000     2.1909
    20     0.2658     0.1530     9.9923   264.4000   198.9840   271.6000     2.1909
    21     0.2551     0.1343     9.5876   259.6000   200.6080   272.4000     2.1909
    22     0.2702     0.1329     9.4416   262.8000   205.9040   272.4000     2.1909
    23     0.2533     0.1390     9.5373   256.4000   196.3840   272.4000     2.1909
    24     0.2651     0.1521     9.7894   266.4000   201.7280   274.8000     2.1909
    25     0.2533     0.1482     9.5656   265.6000   204.2640   274.8000     2.1909
    26     0.2696     0.1453     9.9401   261.2000   201.0000   274.8000     2.1909
    27     0.2722     0.1499     9.6457   268.8000   204.0960   276.8000     2.1909
    28     0.2738     0.1382     9.7064   260.8000   205.4400   276.8000     2.1909
    29     0.2733     0.1373     9.7068   257.6000   205.5680   276.8000     2.1909
    30     0.2720     0.1496     9.3287   264.0000   204.2720   276.8000     2.1909
    31     0.2836     0.1389     9.1770   265.6000   205.8960   277.6000     2.1909
    32     0.2640     0.1428     9.5200   260.4000   205.7120   277.6000     2.1909
    33     0.2649     0.1536     9.7548   257.2000   204.5920   277.6000     2.1909
    34     0.2586     0.1515     9.4754   266.0000   208.8400   277.6000     2.1909
    35     0.2745     0.1548     9.5146   269.6000   207.5440   277.6000     2.1909
    36     0.2674     0.1576     9.1824   270.4000   210.7040   277.6000     2.1909
    37     0.2764     0.1372     9.1662   266.4000   209.1440   277.6000     2.1909
    38     0.2708     0.1491     9.4217   267.2000   209.1040   277.6000     2.1909
    39     0.2794     0.1604     9.2411   264.8000   205.7920   277.6000     2.1909
    40     0.2774     0.1420     9.2408   261.6000   206.4160   277.6000     2.1909
    41     0.2837     0.1580     9.1873   266.0000   206.4800   277.6000     2.1909
    42     0.2658     0.1416     8.5913   267.2000   214.9440   278.0000     2.1909
    43     0.2789     0.1522     8.6565   265.6000   216.3440   278.4000     2.1909
    44     0.2889     0.1647     8.5123   270.4000   215.9840   278.4000     2.1909
    45     0.2791     0.1590     8.7086   267.6000   212.5280   278.4000     2.1909
    46     0.2698     0.1506     8.6960   268.4000   213.9600   278.4000     2.1909
    47     0.2678     0.1443     8.5876   255.2000   210.6000   278.4000     2.1909
    48     0.2581     0.1503     8.5677   263.2000   212.9520   278.4000     2.1909
    49     0.2718     0.1356     8.5727   264.8000   215.0720   278.4000     2.1909
    50     0.2778     0.1537     8.8620   263.2000   213.9520   278.4000     2.1909
    51     0.2688     0.1575     9.0291   264.8000   211.3680   278.4000     2.1909
    52     0.2796     0.1491     8.6744   268.4000   212.0720   278.4000     2.1909
    53     0.2744     0.1462     8.6903   266.0000   215.4880   278.4000     2.1909
    54     0.2760     0.1482     8.9117   263.2000   211.4880   278.4000     2.1909
    55     0.2832     0.1679     9.2282   264.8000   210.3760   278.4000     2.1909
    56     0.2792     0.1627     9.1976   263.6000   209.6880   278.4000     2.1909
    57     0.2797     0.1548     8.9656   263.6000   211.6320   278.4000     2.1909
    58     0.2827     0.1649     9.0811   270.0000   215.8400   278.4000     2.1909
    59     0.2787     0.1648     9.1162   267.2000   215.7840   278.4000     2.1909
    60     0.2837     0.1634     8.7189   264.8000   218.4080   278.4000     2.1909
    61     0.2848     0.1591     8.8660   270.8000   217.6000   278.4000     2.1909
    62     0.2709     0.1563     8.6753   270.0000   216.6560   278.4000     2.1909
    63     0.2731     0.1492     8.7819   271.6000   218.2000   278.4000     2.1909
    64     0.2834     0.1522     9.1213   268.4000   212.8320   278.4000     2.1909
    65     0.2698     0.1636     8.8715   263.2000   214.6560   278.4000     2.1909
    66     0.2810     0.1508     9.2253   267.6000   213.5280   278.4000     2.1909
    67     0.2888     0.1581     8.8163   266.4000   217.7760   278.4000     2.1909
    68     0.2821     0.1728     9.1278   271.2000   213.3120   279.6000     2.1909
    69     0.2878     0.1577     8.7972   268.8000   216.4080   279.6000     2.1909
    70     0.2916     0.1519     8.7373   271.6000   219.0400   279.6000     2.1909
    71     0.2773     0.1492     8.6570   268.4000   218.2880   279.6000     2.1909
    72     0.2736     0.1548     8.9466   269.2000   215.5360   279.6000     2.1909
    73     0.2858     0.1598     9.0588   266.0000   214.6320   279.6000     2.1909
    74     0.2772     0.1480     8.5946   269.6000   222.4800   279.6000     2.1909
    75     0.2622     0.1374     8.7925   269.6000   216.4960   279.6000     2.1909
    76     0.2791     0.1479     8.9783   263.2000   215.3760   279.6000     2.1909
    77     0.2802     0.1597     8.7644   271.6000   215.9040   279.6000     2.1909
    78     0.2620     0.1574     8.8619   271.2000   222.2960   279.6000     2.1909
    79     0.2836     0.1538     9.0779   270.8000   217.9360   279.6000     2.1909
    80     0.2716     0.1618     9.2826   271.2000   217.2160   279.6000     2.1909
    81     0.2771     0.1497     8.5688   271.6000   221.5200   279.6000     2.1909
    82     0.2706     0.1507     8.5832   269.6000   217.9520   279.6000     2.1909
    83     0.2786     0.1631     8.7396   265.6000   219.7600   279.6000     2.1909
    84     0.2618     0.1591     8.9050   267.2000   220.3600   279.6000     2.1909
    85     0.2745     0.1687     9.0158   269.2000   219.1840   280.0000     2.1909
    86     0.2733     0.1549     8.9417   271.2000   218.0320   280.0000     2.1909
    87     0.2691     0.1454     9.0064   258.4000   216.8640   280.0000     2.1909
    88     0.2858     0.1561     9.1282   264.4000   216.5120   280.0000     2.1909
    89     0.2633     0.1383     8.6485   269.6000   218.9120   280.0000     2.1909
    90     0.2899     0.1540     9.1340   274.4000   216.1920   280.0000     2.1909
    91     0.2844     0.1530     9.0219   271.2000   215.8000   281.2000     2.1909
    92     0.2824     0.1592     9.1153   274.8000   212.8880   281.2000     2.1909
    93     0.2862     0.1552     8.6331   270.8000   218.9120   281.2000     2.1909
    94     0.2827     0.1553     8.7007   272.4000   216.2400   281.2000     2.1909
    95     0.2956     0.1644     8.8041   272.8000   221.8480   281.2000     2.1909
    96     0.2822     0.1572     8.5528   275.6000   222.9280   281.2000     2.1909
    97     0.2933     0.1591     8.6255   273.2000   217.2880   281.2000     2.1909
    98     0.2773     0.1475     8.4802   274.0000   221.4960   281.2000     2.1909
    99     0.2724     0.1584     8.6560   276.0000   220.2080   281.2000     2.1909
   100     0.2755     0.1500     8.8088   274.0000   220.6720   281.2000     2.1909
   101     0.2763     0.1590     8.8325   273.6000   218.1200   281.2000     2.1909
   102     0.2797     0.1495     8.5399   272.8000   220.4720   281.6000     2.1909
   103     0.2719     0.1529     8.7584   273.6000   219.8320   281.6000     2.1909
   104     0.2729     0.1496     9.1051   267.6000   219.1120   281.6000     2.1909
   105     0.2736     0.1384     8.7848   269.6000   218.0560   281.6000     2.1909
   106     0.2571     0.1351     9.0176   271.2000   214.7760   281.6000     2.1909
   107     0.2836     0.1479     8.9463   269.6000   211.4400   281.6000     2.1909
   108     0.2758     0.1544     8.9471   267.2000   214.2640   281.6000     2.1909
   109     0.2778     0.1499     9.0506   260.4000   214.3280   281.6000     2.1909
   110     0.2789     0.1651     8.9327   267.2000   216.0720   281.6000     2.1909
   111     0.2718     0.1471     8.7425   269.6000   217.0560   281.6000     2.1909
   112     0.2893     0.1484     8.6209   270.4000   215.8960   281.6000     2.1909
   113     0.2869     0.1658     8.7378   272.4000   218.4240   281.6000     2.1909
   114     0.2930     0.1560     8.9247   274.4000   216.7680   281.6000     2.1909
   115     0.2729     0.1645     8.7605   273.6000   217.7120   281.6000     2.1909
   116     0.2707     0.1489     8.6552   274.8000   219.1280   281.6000     2.1909
   117     0.2769     0.1531     8.5484   273.6000   219.3200   281.6000     2.1909
   118     0.2778     0.1543     8.6258   272.8000   215.7360   281.6000     2.1909
   119     0.2764     0.1603     9.1326   265.2000   211.7360   281.6000     2.1909
   120     0.2841     0.1510     9.0263   267.2000   214.6720   281.6000     2.1909
   121     0.2728     0.1592     9.2795   268.4000   210.3600   281.6000     2.1909
   122     0.2858     0.1473     8.9855   273.6000   211.2800   281.6000     2.1909
   123     0.2544     0.1450     8.9432   276.0000   212.5360   281.6000     2.1909
   124     0.2613     0.1483     8.9610   270.0000   214.0320   281.6000     2.1909
   125     0.2719     0.1533     9.1104   262.4000   209.0480   281.6000     2.1909
   126     0.2784     0.1560     8.9345   269.2000   213.8560   281.6000     2.1909
   127     0.2806     0.1483     8.7654   266.4000   214.8320   281.6000     2.1909
   128     0.2806     0.1457     8.4119   268.0000   214.1200   281.6000     2.1909
   129     0.2763     0.1446     8.9422   266.8000   210.6480   281.6000     2.1909
   130     0.2686     0.1606     8.9007   263.2000   210.9520   281.6000     2.1909
   131     0.2723     0.1458     8.8323   266.8000   215.5680   281.6000     2.1909
   132     0.2724     0.1463     8.8233   268.4000   212.8880   281.6000     2.1909
   133     0.2673     0.1515     8.7598   266.8000   213.7600   281.6000     2.1909
   134     0.2850     0.1406     8.9197   263.2000   210.2800   281.6000     2.1909
   135     0.2770     0.1397     8.9347   264.4000   210.1360   281.6000     2.1909
   136     0.2733     0.1565     8.8762   264.0000   212.7440   281.6000     2.1909
   137     0.2752     0.1579     8.9001   256.0000   207.6240   281.6000     2.1909
   138     0.2733     0.1468     8.7198   267.2000   212.7280   281.6000     2.1909
   139     0.2648     0.1578     9.2570   266.0000   207.9440   281.6000     2.1909
   140     0.2761     0.1497     9.0993   260.4000   209.8960   281.6000     2.1909
   141     0.2658     0.1382     9.1938   264.4000   208.4640   281.6000     2.1909
   142     0.2763     0.1403     9.4119   264.4000   207.0560   281.6000     2.1909
   143     0.2738     0.1509     8.8521   265.6000   209.6400   281.6000     2.1909
   144     0.2653     0.1394     8.6937   270.4000   210.7920   282.0000     2.1909
   145     0.2844     0.1506     8.9064   271.2000   213.4240   282.0000     2.1909
   146     0.2679     0.1490     8.9233   269.6000   213.3520   282.0000     2.1909
   147     0.2686     0.1456     8.4353   271.2000   216.6400   282.0000     2.1909
   148     0.2777     0.1491     8.4758   261.2000   214.2240   282.0000     2.1909
   149     0.2729     0.1552     8.4521   264.4000   215.4960   282.0000     2.1909
   150     0.2607     0.1491     8.5304   262.0000   217.3520   282.0000     2.1909
   151     0.2809     0.1535     8.6682   269.6000   214.0560   282.0000     2.1909
   152     0.2722     0.1581     8.7969   270.0000   214.6480   282.0000     2.1909
   153     0.2740     0.1572     8.8949   269.6000   214.5040   282.0000     2.1909
   154     0.2627     0.1439     8.7256   261.6000   216.1280   282.0000     2.1909
   155     0.2713     0.1386     8.7461   266.8000   215.3280   282.0000     2.1909
   156     0.2853     0.1607     8.8250   266.4000   214.5520   282.0000     2.1909
   157     0.2684     0.1571     8.9174   272.0000   215.7040   282.0000     2.1909
   158     0.2742     0.1563     8.7156   268.0000   221.0480   282.0000     2.1909
   159     0.2836     0.1696     8.9624   269.2000   215.0160   282.0000     2.1909
   160     0.2720     0.1551     8.6096   273.2000   219.1040   282.0000     2.1909
   161     0.2784     0.1571     8.5949   266.0000   219.7920   282.0000     2.1909
   162     0.2781     0.1425     8.4854   265.6000   218.2960   282.0000     2.1909
   163     0.2722     0.1555     8.4118   270.8000   220.6080   282.0000     2.1909
   164     0.2704     0.1396     8.2498   272.4000   218.9440   282.0000     2.1909
   165     0.2673     0.1507     8.4418   268.8000   217.7600   282.0000     2.1909
   166     0.2693     0.1390     8.0895   265.6000   219.2320   282.0000     2.1909
   167     0.2753     0.1521     8.7259   271.2000   215.8400   282.0000     2.1909
   168     0.2732     0.1568     8.7499   274.0000   218.3760   282.0000     2.1909
   169     0.2781     0.1464     8.7427   269.2000   210.3120   282.0000     2.1909
   170     0.2794     0.1623     8.7995   268.4000   217.1920   282.0000     2.1909
   171     0.2706     0.1586     8.4282   275.6000   218.8240   282.0000     2.1909
   172     0.2691     0.1515     8.5985   274.8000   218.0000   282.8000     2.1909
   173     0.2810     0.1476     8.7252   274.8000   221.7280   282.8000     2.1909
   174     0.2756     0.1512     8.6114   275.2000   218.9040   282.8000     2.1909
   175     0.2710     0.1454     8.7100   272.0000   214.5040   282.8000     2.1909
   176     0.2683     0.1595     8.7071   272.0000   215.6080   282.8000     2.1909
   177     0.2710     0.1349     8.8222   274.4000   220.2240   282.8000     2.1909
   178     0.2936     0.1521     8.7523   275.2000   218.6880   282.8000     2.1909
   179     0.2749     0.1612     8.9589   273.2000   215.0480   282.8000     2.1909
   180     0.2942     0.1520     8.4758   272.4000   221.2000   282.8000     2.1909
   181     0.2822     0.1631     8.7897   275.2000   224.2000   282.8000     2.1909
   182     0.2718     0.1528     9.1367   273.6000   221.7440   282.8000     2.1909
   183     0.2804     0.1617     8.9840   270.8000   219.3520   282.8000     2.1909
   184     0.2756     0.1566     8.9213   274.4000   218.7760   283.2000     2.1909
   185     0.2842     0.1502     8.8509   271.6000   219.7280   283.2000     2.1909
   186     0.2889     0.1473     8.7285   274.0000   220.4800   283.2000     2.1909
   187     0.2773     0.1514     8.7822   270.4000   219.9920   283.2000     2.1909
   188     0.2738     0.1551     9.0547   275.2000   219.0240   283.2000     2.1909
   189     0.2720     0.1435     8.5146   272.4000   220.8640   283.6000     2.1909
   190     0.2735     0.1515     8.9322   266.8000   211.4240   283.6000     2.1909
   191     0.2693     0.1537     8.7040   272.0000   217.9680   283.6000     2.1909
   192     0.2767     0.1604     8.8919   266.8000   215.2560   283.6000     2.1909
   193     0.2818     0.1580     9.0570   273.2000   215.9360   283.6000     2.1909
   194     0.2807     0.1579     9.0534   271.2000   216.2400   283.6000     2.1909
   195     0.2728     0.1567     9.1840   271.6000   215.8240   283.6000     2.1909
   196     0.2800     0.1505     8.9938   272.0000   215.2240   283.6000     2.1909
   197     0.2769     0.1547     8.9807   269.2000   216.5200   283.6000     2.1909
   198     0.2805     0.1564     9.0122   275.2000   217.6960   283.6000     2.1909
   199     0.2773     0.1571     8.5621   269.6000   221.1280   283.6000     2.1909
   200     0.2678     0.1556     8.5510   266.4000   218.8080   283.6000     2.1909
   201     0.2868     0.1562     8.6165   270.0000   218.1760   283.6000     2.1909
   202     0.2835     0.1460     8.9318   268.4000   213.4960   283.6000     2.1909
   203     0.2769     0.1435     8.8712   267.6000   217.1200   283.6000     2.1909
   204     0.2942     0.1564     8.7138   268.4000   214.3040   283.6000     2.1909
   205     0.2665     0.1505     8.8971   270.8000   217.5920   284.0000     2.1909
   206     0.2787     0.1485     8.8898   268.4000   209.2640   284.0000     2.1909
   207     0.2871     0.1455     8.6354   268.8000   211.3920   284.0000     2.1909
   208     0.2766     0.1467     8.6473   269.2000   210.8240   284.0000     2.1909
   209     0.2650     0.1474     8.5642   267.6000   213.6640   284.0000     2.1909
   210     0.2652     0.1439     8.4699   271.6000   208.4320   284.0000     2.1909
   211     0.2818     0.1434     8.3494   271.6000   212.3520   284.0000     2.1909
   212     0.2731     0.1529     8.1409   271.6000   215.5280   284.0000     2.1909
   213     0.2748     0.1537     8.3569   270.4000   214.9280   284.0000     2.1909
   214     0.2862     0.1587     8.2536   268.0000   213.5280   284.0000     2.1909
   215     0.2806     0.1469     8.3205   264.8000   214.9680   284.0000     2.1909
   216     0.2649     0.1528     8.2384   265.2000   213.7280   284.0000     2.1909
   217     0.2766     0.1600     8.0983   266.8000   217.2640   284.0000     2.1909
   218     0.2834     0.1595     8.2557   271.2000   215.3120   284.0000     2.1909
   219     0.2669     0.1492     8.3176   264.0000   218.9200   284.0000     2.1909
   220     0.2741     0.1457     8.1533   270.0000   218.5360   284.0000     2.1909
   221     0.2700     0.1509     8.3327   270.8000   216.1120   284.0000     2.1909
   222     0.2828     0.1534     8.0247   270.4000   219.0160   284.0000     2.1909
   223     0.2824     0.1648     8.3520   269.2000   219.5200   284.0000     2.1909
   224     0.2820     0.1687     8.5120   272.0000   219.9200   284.0000     2.1909
   225     0.2617     0.1464     8.5038   269.2000   221.7600   284.0000     2.1909
   226     0.2778     0.1530     8.8142   270.8000   220.4080   284.0000     2.1909
   227     0.2837     0.1521     8.7775   268.4000   220.8000   284.0000     2.1909
   228     0.2733     0.1533     8.6046   271.2000   221.6720   284.0000     2.1909
   229     0.2816     0.1639     8.9863   274.0000   215.0000   284.0000     2.1909
   230     0.2661     0.1555     9.1571   270.0000   213.8000   284.0000     2.1909
   231     0.2769     0.1643     8.8962   270.4000   216.3440   284.0000     2.1909
   232     0.2871     0.1545     8.9502   267.2000   214.2720   284.0000     2.1909
   233     0.2840     0.1491     8.6702   269.6000   217.8960   284.0000     2.1909
   234     0.2810     0.1674     8.6800   270.4000   216.8080   284.0000     2.1909
   235     0.2869     0.1619     8.6011   271.6000   219.4240   284.0000     2.1909
   236     0.2787     0.1547     8.7308   270.0000   217.2960   284.0000     2.1909
   237     0.2840     0.1547     8.4503   270.8000   217.0880   284.0000     2.1909
   238     0.2879     0.1614     8.4416   268.4000   217.2080   284.0000     2.1909
   239     0.2735     0.1508     8.3736   272.8000   219.4400   284.0000     2.1909
   240     0.2749     0.1502     8.1370   273.6000   222.5360   284.0000     2.1909
   241     0.2786     0.1489     8.3277   273.6000   219.0800   284.0000     2.1909
   242     0.2657     0.1453     8.1753   266.4000   219.0560   284.0000     2.1909
   243     0.2601     0.1312     8.1822   267.6000   221.2000   284.0000     2.1909
   244     0.2662     0.1413     8.2480   264.8000   213.9760   284.0000     2.1909
   245     0.2881     0.1383     8.1287   266.0000   214.3520   284.0000     2.1909
   246     0.2774     0.1611     8.5430   268.4000   214.3520   284.0000     2.1909
   247     0.2822     0.1423     8.5030   265.2000   216.9040   284.0000     2.1909
   248     0.2699     0.1399     8.8021   266.4000   213.1920   284.0000     2.1909
   249     0.2698     0.1403     8.4891   259.6000   213.0560   284.0000     2.1909
   250     0.2713     0.1385     8.5816   264.0000   211.6800   284.0000     2.1909
   251     0.2773     0.1475     8.4705   266.0000   216.9120   284.0000     2.1909
   252     0.2764     0.1507     8.5574   267.2000   214.4160   284.0000     2.1909
   253     0.2678     0.1532     8.5861   268.0000   212.6080   284.0000     2.1909
   254     0.2720     0.1500     8.7892   266.4000   209.4560   284.0000     2.1909
   255     0.2680     0.1400     8.9012   265.6000   209.0400   284.0000     2.1909
   256     0.2659     0.1526     8.9816   263.2000   206.1440   284.0000     2.1909
   257     0.2735     0.1509     8.6766   268.8000   208.9600   284.0000     2.1909
   258     0.2749     0.1568     8.6908   265.2000   209.0320   284.0000     2.1909
   259     0.2498     0.1411     8.4609   264.8000   212.7120   284.0000     2.1909
   260     0.2694     0.1450     8.7221   269.6000   210.3440   284.0000     2.1909
   261     0.2729     0.1501     8.6557   264.4000   214.3520   284.0000     2.1909
   262     0.2664     0.1405     8.7509   262.0000   210.8400   284.0000     2.1909
   263     0.2682     0.1429     8.6878   262.4000   205.2880   284.0000     2.1909
   264     0.2784     0.1457     8.5195   268.4000   205.0080   284.0000     2.1909
   265     0.2725     0.1655     8.7344   261.2000   207.5040   284.0000     2.1909
   266     0.2618     0.1383     8.7224   263.6000   209.1120   284.0000     2.1909
   267     0.2738     0.1496     8.5948   264.8000   211.6560   284.0000     2.1909
   268     0.2748     0.1633     8.8278   264.8000   210.4480   284.0000     2.1909
   269     0.2745     0.1533     8.7275   265.2000   212.0960   284.0000     2.1909
   270     0.2911     0.1498     8.6003   267.2000   216.3920   284.0000     2.1909
   271     0.2767     0.1621     8.5190   270.4000   213.6880   284.0000     2.1909
   272     0.2740     0.1459     8.4503   270.0000   214.3040   284.0000     2.1909
   273     0.2770     0.1503     8.1641   271.6000   216.5200   284.0000     2.1909
   274     0.2818     0.1437     8.4847   270.8000   213.5920   284.0000     2.1909
   275     0.2726     0.1501     8.4036   268.8000   215.3440   284.0000     2.1909
   276     0.2778     0.1427     8.3817   270.8000   216.8480   284.0000     2.1909
   277     0.2686     0.1496     8.2511   271.2000   216.4960   284.0000     2.1909
   278     0.2718     0.1434     8.2042   254.4000   212.1200   284.0000     2.1909
   279     0.2661     0.1375     7.9646   265.6000   215.7680   284.0000     2.1909
   280     0.2762     0.1424     7.9265   265.6000   215.9200   284.0000     2.1909
   281     0.2773     0.1494     8.4408   268.0000   213.1680   284.0000     2.1909
   282     0.2654     0.1461     8.5355   269.6000   210.0640   284.0000     2.1909
   283     0.2819     0.1523     8.7512   268.8000   206.8560   284.0000     2.1909
   284     0.2729     0.1467     8.8761   270.0000   210.3680   284.0000     2.1909
   285     0.2836     0.1540     8.8537   276.0000   211.2720   284.0000     2.1909
   286     0.2880     0.1567     8.7033   269.6000   207.8240   284.0000     2.1909
   287     0.2751     0.1571     8.4558   272.4000   213.9200   284.0000     2.1909
   288     0.2898     0.1501     8.2862   273.6000   217.8000   284.0000     2.1909
   289     0.2561     0.1493     8.5876   275.2000   217.9120   284.0000     2.1909
   290     0.2804     0.1429     8.7946   267.2000   215.4160   284.0000     2.1909
   291     0.2782     0.1488     8.8038   269.6000   215.2720   284.0000     2.1909
   292     0.2761     0.1557     8.7758   267.6000   213.1360   284.0000     2.1909
   293     0.2745     0.1565     8.9744   268.0000   212.3360   284.0000     2.1909
   294     0.2789     0.1364     8.6341   272.8000   216.8320   284.0000     2.1909
   295     0.2670     0.1573     9.1314   271.6000   207.8880   284.0000     2.1909
   296     0.2722     0.1461     8.8093   271.2000   211.8160   284.0000     2.1909
   297     0.2642     0.1418     8.5158   266.0000   219.6560   284.0000     2.1909
   298     0.2670     0.1515     8.5378   268.8000   217.1360   284.0000     2.1909
   299     0.2709     0.1637     8.6932   271.6000   212.7040   284.0000     2.1909
   300     0.2695     0.1523     8.3709   260.4000   218.9280   284.0000     2.1909
   301     0.2768     0.1583     8.6330   271.6000   215.4800   284.0000     2.1909
   302     0.2742     0.1489     8.3649   269.6000   216.9840   284.0000     2.1909
   303     0.2718     0.1511     8.4372   270.8000   216.8320   284.0000     2.1909
   304     0.2736     0.1554     8.6630   264.8000   212.6800   284.0000     2.1909
   305     0.2701     0.1473     8.7291   268.8000   211.9680   284.0000     2.1909
   306     0.2731     0.1599     8.5502   266.4000   216.3040   284.0000     2.1909
   307     0.2787     0.1670     8.9677   265.6000   214.0400   284.0000     2.1909
   308     0.2756     0.1558     8.7672   268.0000   214.6320   284.0000     2.1909
   309     0.2742     0.1439     8.5618   264.0000   213.7520   284.0000     2.1909
   310     0.2805     0.1465     8.5722   268.0000   217.0960   284.0000     2.1909
   311     0.2791     0.1576     8.4483   272.4000   217.4400   284.0000     2.1909
   312     0.2687     0.1482     8.2931   265.6000   216.3280   284.0000     2.1909
   313     0.2700     0.1411     8.4647   256.8000   210.3040   284.0000     2.1909
   314     0.2726     0.1438     8.4005   258.4000   208.7120   284.0000     2.1909
   315     0.2721     0.1401     8.7055   272.4000   211.2720   284.0000     2.1909
   316     0.2655     0.1439     8.5238   266.8000   210.6880   284.0000     2.1909
   317     0.2658     0.1536     8.6584   269.6000   211.0000   284.0000     2.1909
   318     0.2689     0.1450     8.6692   270.0000   208.3120   284.0000     2.1909
   319     0.2638     0.1504     8.7672   259.2000   206.0560   284.0000     2.1909
   320     0.2733     0.1495     8.9631   262.4000   206.8240   284.0000     2.1909
   321     0.2658     0.1580     8.9587   264.4000   208.5760   284.0000     2.1909
   322     0.2876     0.1547     8.6067   261.6000   210.2560   284.0000     2.1909
   323     0.2489     0.1374     8.4173   266.0000   216.3360   284.0000     2.1909
   324     0.2639     0.1462     8.8983   264.0000   209.5840   284.0000     2.1909
   325     0.2872     0.1490     8.7936   268.0000   216.3760   284.0000     2.1909
   326     0.2789     0.1424     8.5776   270.4000   216.2400   284.0000     2.1909
   327     0.2696     0.1402     8.4361   272.4000   216.6960   284.0000     2.1909
   328     0.2659     0.1360     8.6233   271.2000   215.3760   284.0000     2.1909
   329     0.2780     0.1464     8.5187   263.2000   213.0960   284.0000     2.1909
   330     0.2776     0.1617     8.5409   270.0000   214.1040   284.0000     2.1909
   331     0.2812     0.1557     8.6619   260.8000   211.8560   284.0000     2.1909
   332     0.2880     0.1518     8.7509   270.8000   212.7120   284.0000     2.1909
   333     0.2702     0.1476     8.7930   274.8000   213.6880   284.0000     2.1909
   334     0.2712     0.1470     8.4996   265.2000   212.6880   284.0000     2.1909
   335     0.2713     0.1442     8.6604   264.0000   209.1120   284.0000     2.1909
   336     0.2680     0.1488     8.6338   268.4000   212.3520   284.0000     2.1909
   337     0.2688     0.1490     8.3972   265.2000   212.5040   284.0000     2.1909
   338     0.2662     0.1471     8.2547   267.2000   214.9120   284.0000     2.1909
   339     0.2636     0.1329     8.3340   266.4000   217.3920   284.0000     2.1909
   340     0.2760     0.1487     8.6397   267.6000   212.3840   284.0000     2.1909
   341     0.2852     0.1544     8.7633   266.4000   209.8000   284.0000     2.1909
   342     0.2742     0.1471     8.4931   268.8000   212.6080   284.0000     2.1909
   343     0.2756     0.1502     8.2944   270.4000   218.8560   284.0000     2.1909
   344     0.2634     0.1465     8.5773   266.0000   214.2400   284.0000     2.1909
   345     0.2853     0.1599     8.6054   262.8000   215.2000   284.0000     2.1909
   346     0.2659     0.1588     8.9615   268.4000   215.4800   284.0000     2.1909
   347     0.2698     0.1541     9.1491   262.4000   209.7920   284.0000     2.1909
   348     0.2623     0.1479     8.5933   266.8000   212.4320   284.0000     2.1909
   349     0.2839     0.1466     8.9736   274.0000   209.3360   284.0000     2.1909
   350     0.2677     0.1355     8.7610   273.2000   214.2320   284.0000     2.1909
   351     0.2647     0.1373     8.5739   275.6000   213.1440   284.0000     2.1909
   352     0.2720     0.1424     8.8251   272.4000   214.5600   284.0000     2.1909
   353     0.2836     0.1496     8.5122   268.8000   211.3040   284.0000     2.1909
   354     0.2684     0.1395     8.4250   274.0000   213.7680   284.0000     2.1909
   355     0.2714     0.1511     8.4883   274.0000   217.9280   284.0000     2.1909
   356     0.2736     0.1473     8.5758   274.0000   214.8880   284.0000     2.1909
   357     0.2711     0.1516     8.7538   276.4000   215.6400   284.0000     2.1909
   358     0.2747     0.1505     8.4823   268.0000   214.9440   284.0000     2.1909
   359     0.2750     0.1597     8.8372   268.8000   215.1040   284.0000     2.1909
   360     0.2770     0.1534     8.7884   269.2000   213.6560   284.0000     2.1909
   361     0.2732     0.1475     8.8240   266.8000   213.4160   284.0000     2.1909
   362     0.2709     0.1568     8.8091   268.8000   212.6560   284.0000     2.1909
   363     0.2788     0.1574     9.1931   267.6000   213.6000   284.0000     2.1909
   364     0.2751     0.1548     9.3786   266.4000   206.4960   284.0000     2.1909
   365     0.2645     0.1516     9.1917   264.4000   209.8320   284.0000     2.1909
   366     0.2716     0.1522     9.2255   268.0000   207.2640   284.0000     2.1909
   367     0.2780     0.1513     8.7234   266.4000   214.1840   284.0000     2.1909
   368     0.2742     0.1573     9.1551   268.8000   209.6240   284.0000     2.1909
   369     0.2769     0.1412     9.0754   275.6000   214.6160   284.0000     2.1909
   370     0.2804     0.1509     9.2168   275.6000   213.4480   284.0000     2.1909
   371     0.2858     0.1555     9.0550   278.8000   217.6640   284.4000     2.1909
   372     0.2769     0.1516     8.7864   271.6000   213.5920   284.4000     2.1909
   373     0.2767     0.1543     8.4769   272.4000   219.9760   284.4000     2.1909
   374     0.2878     0.1625     8.5443   275.6000   224.9600   284.4000     2.1909
   375     0.2929     0.1501     8.3915   276.4000   223.8080   284.4000     2.1909
   376     0.2880     0.1644     8.4400   275.2000   223.6720   284.4000     2.1909
   377     0.2885     0.1629     8.5127   276.0000   220.6880   284.4000     2.1909
   378     0.2812     0.1530     8.4611   271.2000   220.3680   284.4000     2.1909
   379     0.2788     0.1714     8.4488   269.6000   221.5600   284.4000     2.1909
   380     0.2836     0.1474     8.0180   268.8000   227.7120   284.4000     2.1909
   381     0.2643     0.1471     8.1572   272.8000   220.5360   284.4000     2.1909
   382     0.2918     0.1589     7.8989   276.8000   223.3200   284.4000     2.1909
   383     0.2792     0.1548     8.3239   276.4000   219.8720   284.4000     2.1909
   384     0.2804     0.1541     8.2011   274.8000   218.9760   284.8000     2.1909
   385     0.2780     0.1483     8.2913   275.2000   218.8640   284.8000     2.1909
   386     0.2787     0.1434     8.2488   270.4000   218.9280   284.8000     2.1909
   387     0.2893     0.1537     8.7406   269.6000   213.0400   284.8000     2.1909
   388     0.2798     0.1491     8.8442   272.0000   210.3280   284.8000     2.1909
   389     0.2716     0.1434     9.1562   269.6000   207.5200   284.8000     2.1909
   390     0.2907     0.1605     9.2356   268.4000   207.9200   284.8000     2.1909
   391     0.2802     0.1628     9.2149   271.2000   210.8400   284.8000     2.1909
   392     0.2791     0.1501     8.9414   269.2000   211.5200   284.8000     2.1909
   393     0.2823     0.1480     8.8247   270.0000   214.8560   284.8000     2.1909
   394     0.2778     0.1383     8.8449   267.6000   211.0160   284.8000     2.1909
   395     0.2698     0.1424     8.4660   269.2000   215.6160   284.8000     2.1909
   396     0.2837     0.1535     8.7616   266.8000   210.7760   284.8000     2.1909
   397     0.2645     0.1430     8.9579   268.8000   210.3600   284.8000     2.1909
   398     0.2775     0.1481     8.7045   267.2000   210.7120   284.8000     2.1909
   399     0.2659     0.1441     8.8870   264.4000   212.5360   284.8000     2.1909
   400     0.2708     0.1547     8.9589   271.2000   213.3680   284.8000     2.1909
   401     0.2743     0.1468     8.6336   270.0000   217.3200   284.8000     2.1909
   402     0.2791     0.1554     8.7177   268.0000   212.9120   284.8000     2.1909
   403     0.2781     0.1674     8.8260   271.2000   216.2160   284.8000     2.1909
   404     0.2881     0.1578     8.4885   270.8000   220.9440   284.8000     2.1909
   405     0.2755     0.1454     8.1598   274.0000   219.2240   284.8000     2.1909
   406     0.2790     0.1508     8.0429   268.8000   220.7440   284.8000     2.1909
   407     0.2679     0.1596     8.2287   270.0000   219.4800   284.8000     2.1909
   408     0.2815     0.1448     8.5595   270.4000   212.4720   284.8000     2.1909
   409     0.2747     0.1517     8.2640   273.2000   218.7440   284.8000     2.1909
   410     0.2768     0.1547     8.4442   272.0000   220.1520   284.8000     2.1909
   411     0.2744     0.1458     8.4069   273.2000   218.8160   284.8000     2.1909
   412     0.2804     0.1603     8.5078   276.0000   218.3040   284.8000     2.1909
   413     0.2754     0.1429     8.4568   268.4000   220.0480   284.8000     2.1909
   414     0.2745     0.1549     8.2890   267.6000   220.3360   284.8000     2.1909
   415     0.2620     0.1442     8.2955   271.6000   220.5280   284.8000     2.1909
   416     0.2773     0.1501     8.3229   269.2000   220.5440   284.8000     2.1909
   417     0.2676     0.1426     8.0599   268.4000   217.3040   284.8000     2.1909
   418     0.2742     0.1498     8.3084   264.4000   215.9600   284.8000     2.1909
   419     0.2798     0.1493     8.2060   274.4000   218.6080   284.8000     2.1909
   420     0.2848     0.1552     8.1817   269.6000   219.3360   284.8000     2.1909
   421     0.2691     0.1555     8.1127   272.4000   217.5200   284.8000     2.1909
   422     0.2747     0.1369     8.0953   270.8000   217.0080   284.8000     2.1909
   423     0.2693     0.1551     8.4062   269.2000   214.8320   284.8000     2.1909
   424     0.2884     0.1481     8.3064   272.0000   221.2880   284.8000     2.1909
   425     0.2764     0.1486     8.5096   274.0000   218.2640   284.8000     2.1909
   426     0.2673     0.1392     8.9479   263.6000   211.0720   284.8000     2.1909
   427     0.2794     0.1565     8.8069   268.4000   213.8240   284.8000     2.1909
   428     0.2759     0.1416     8.6477   265.6000   214.7280   284.8000     2.1909
   429     0.2610     0.1439     8.7019   272.4000   214.4240   284.8000     2.1909
   430     0.2818     0.1605     8.7904   274.0000   216.8720   284.8000     2.1909
   431     0.2766     0.1590     9.1936   271.2000   210.1840   284.8000     2.1909
   432     0.2871     0.1434     9.1161   268.8000   209.7120   284.8000     2.1909
   433     0.2703     0.1372     8.7192   268.4000   210.3440   284.8000     2.1909
   434     0.2774     0.1595     8.8865   266.8000   214.8800   284.8000     2.1909
   435     0.2738     0.1497     9.0702   270.0000   214.5520   284.8000     2.1909
   436     0.2833     0.1552     9.3166   268.0000   207.9360   284.8000     2.1909
   437     0.2775     0.1435     9.1389   267.2000   208.9120   284.8000     2.1909
   438     0.2743     0.1594     9.1564   270.4000   205.7840   284.8000     2.1909
   439     0.2728     0.1587     9.1677   266.8000   209.5520   284.8000     2.1909
   440     0.2640     0.1429     8.9647   262.8000   211.0800   284.8000     2.1909
   441     0.2631     0.1531     9.0304   268.0000   206.8080   284.8000     2.1909
   442     0.2770     0.1393     8.6482   264.4000   208.2560   284.8000     2.1909
   443     0.2525     0.1295     8.3571   268.4000   212.6000   284.8000     2.1909
   444     0.2716     0.1464     8.8617   262.4000   205.8560   284.8000     2.1909
   445     0.2698     0.1329     8.5375   261.2000   208.1280   284.8000     2.1909
   446     0.2862     0.1498     8.3577   262.4000   206.7600   284.8000     2.1909
   447     0.2778     0.1479     8.4996   271.6000   212.5120   284.8000     2.1909
   448     0.2667     0.1467     8.5362   267.2000   211.6800   284.8000     2.1909
   449     0.2611     0.1481     8.7453   267.6000   212.9360   284.8000     2.1909
   450     0.2800     0.1455     8.6465   270.0000   211.3920   284.8000     2.1909
   451     0.2755     0.1537     8.8740   273.6000   208.8400   284.8000     2.1909
   452     0.2708     0.1517     8.7951   272.8000   212.8480   284.8000     2.1909
   453     0.2659     0.1434     9.0377   262.8000   213.5840   284.8000     2.1909
   454     0.2756     0.1433     8.7171   268.8000   214.3520   284.8000     2.1909
   455     0.2734     0.1383     8.7607   270.8000   213.9600   284.8000     2.1909
   456     0.2809     0.1545     9.0292   270.4000   209.8240   284.8000     2.1909
   457     0.2715     0.1582     8.9231   265.2000   207.6160   284.8000     2.1909
   458     0.2758     0.1456     9.1236   270.0000   207.0720   284.8000     2.1909
   459     0.2806     0.1488     8.9113   268.8000   211.8720   284.8000     2.1909
   460     0.2858     0.1435     8.5773   273.6000   208.6240   284.8000     2.1909
   461     0.2749     0.1513     8.3401   264.8000   212.7280   284.8000     2.1909
   462     0.2753     0.1475     8.7775   276.0000   218.2560   284.8000     2.1909
   463     0.2760     0.1408     8.4095   272.0000   215.1840   284.8000     2.1909
   464     0.2809     0.1475     8.6096   268.8000   215.9680   284.8000     2.1909
   465     0.2867     0.1569     8.1484   276.0000   222.0400   284.8000     2.1909
   466     0.2827     0.1549     8.6131   274.0000   217.9280   284.8000     2.1909
   467     0.2856     0.1526     8.5334   272.4000   219.1760   284.8000     2.1909
   468     0.2938     0.1700     8.5412   273.6000   222.1680   284.8000     2.1909
   469     0.2951     0.1533     8.2924   277.2000   223.0320   285.2000     2.1909
   470     0.2695     0.1557     8.4452   277.6000   218.9200   285.2000     2.1909
   471     0.2753     0.1449     8.2046   274.8000   218.9680   285.2000     2.1909
   472     0.2874     0.1560     8.3291   274.0000   219.5680   285.2000     2.1909
   473     0.2747     0.1591     8.3463   274.4000   219.6400   285.2000     2.1909
   474     0.2779     0.1482     8.6645   271.2000   219.3120   285.2000     2.1909
   475     0.2853     0.1600     8.8421   272.0000   215.6800   285.2000     2.1909
   476     0.2871     0.1616     8.6005   274.8000   217.9840   285.2000     2.1909
   477     0.2793     0.1612     8.9061   272.0000   214.5760   285.2000     2.1909
   478     0.2800     0.1512     8.7014   272.0000   217.2960   285.2000     2.1909
   479     0.2693     0.1542     8.9014   264.8000   215.7520   285.2000     2.1909
   480     0.2818     0.1451     8.4493   268.8000   220.5600   285.2000     2.1909
   481     0.2738     0.1628     8.6237   273.6000   221.8720   285.2000     2.1909
   482     0.2813     0.1618     8.8291   273.2000   217.6320   285.2000     2.1909
   483     0.2796     0.1570     8.4500   268.0000   218.5120   285.2000     2.1909
   484     0.2838     0.1505     8.3989   276.4000   216.7920   285.2000     2.1909
   485     0.2841     0.1565     8.5184   277.2000   213.2240   285.2000     2.1909
   486     0.2731     0.1497     8.7151   275.6000   213.0400   285.2000     2.1909
   487     0.2818     0.1520     8.7084   272.0000   209.6720   285.2000     2.1909
   488     0.2687     0.1537     8.8650   275.2000   212.8160   285.2000     2.1909
   489     0.2693     0.1467     8.7112   265.6000   207.7120   285.2000     2.1909
   490     0.2779     0.1526     8.8003   268.8000   207.0400   285.2000     2.1909
   491     0.2690     0.1576     8.8857   265.2000   208.5040   285.2000     2.1909
   492     0.2711     0.1509     8.3530   273.6000   212.9920   285.2000     2.1909
   493     0.2607     0.1437     8.6010   270.0000   211.9760   285.2000     2.1909
   494     0.2761     0.1519     8.8846   270.4000   204.9440   285.2000     2.1909
   495     0.2686     0.1572     8.8581   272.0000   210.5120   285.2000     2.1909
   496     0.2718     0.1472     8.8795   271.2000   209.8960   285.2000     2.1909
   497     0.2797     0.1483     8.8891   270.8000   206.2560   285.2000     2.1909
   498     0.2690     0.1550     8.7853   270.0000   207.8880   285.2000     2.1909
   499     0.2796     0.1607     8.8909   264.0000   207.8320   285.2000     2.1909
   500     0.2669     0.1442     8.5074   273.2000   210.3360   285.2000     2.1909
   501     0.2723     0.1397     8.6632   263.2000   206.4640   285.2000     2.1909
   502     0.2697     0.1370     8.4583   268.8000   209.8640   285.2000     2.1909
   503     0.2578     0.1464     8.6266   267.2000   204.3360   285.2000     2.1909
   504     0.2651     0.1441     8.3593   261.6000   210.6000   285.2000     2.1909
   505     0.2609     0.1466     8.6539   268.8000   209.0640   285.2000     2.1909
   506     0.2624     0.1422     8.9670   261.6000   209.4480   285.2000     2.1909
   507     0.2707     0.1450     8.7226   273.6000   209.8400   285.2000     2.1909
   508     0.2730     0.1564     8.6310   265.6000   210.1520   285.2000     2.1909
   509     0.2773     0.1565     8.9721   268.4000   208.4160   285.2000     2.1909
   510     0.2740     0.1505     8.6823   268.4000   211.8480   285.2000     2.1909
   511     0.2631     0.1606     8.5006   275.2000   215.5200   285.2000     2.1909
   512     0.2871     0.1678     8.8710   267.6000   210.4400   285.2000     2.1909
   513     0.2767     0.1495     8.5520   278.0000   218.2960   285.2000     2.1909
   514     0.2806     0.1374     8.4949   273.2000   214.9840   285.2000     2.1909
   515     0.2742     0.1417     8.2060   277.2000   217.7120   285.6000     2.1909
   516     0.2764     0.1452     8.5011   278.8000   218.8560   285.6000     2.1909
   517     0.2686     0.1504     8.3229   274.8000   219.8880   285.6000     2.1909
   518     0.2774     0.1604     8.5509   271.2000   213.0400   285.6000     2.1909
   519     0.2812     0.1506     8.4302   270.8000   215.4960   285.6000     2.1909
   520     0.2894     0.1476     8.3092   272.0000   217.7920   285.6000     2.1909
   521     0.2826     0.1451     8.5938   274.8000   211.2560   285.6000     2.1909
   522     0.2805     0.1572     8.4522   275.2000   214.8960   285.6000     2.1909
   523     0.2772     0.1459     8.4731   275.2000   216.0320   285.6000     2.1909
   524     0.2820     0.1499     8.6740   270.8000   217.2640   286.4000     2.1909
   525     0.2550     0.1501     9.1553   267.6000   211.8080   286.4000     2.1909
   526     0.2737     0.1510     9.2087   271.2000   211.8800   286.4000     2.1909
   527     0.2841     0.1575     9.2374   268.8000   206.2800   286.4000     2.1909
   528     0.2719     0.1560     9.0589   270.4000   205.9520   286.4000     2.1909
   529     0.2712     0.1480     8.9718   273.2000   206.3520   286.4000     2.1909
   530     0.2622     0.1508     8.8278   263.6000   209.7120   286.4000     2.1909
   531     0.2695     0.1484     8.3788   268.0000   211.5360   286.4000     2.1909
   532     0.2733     0.1432     8.5781   263.2000   210.0880   286.4000     2.1909
   533     0.2780     0.1449     8.8565   266.8000   210.2400   286.4000     2.1909
   534     0.2566     0.1583     8.8191   270.0000   211.8800   286.4000     2.1909
   535     0.2819     0.1610     8.7894   272.4000   213.4000   286.4000     2.1909
   536     0.2607     0.1442     8.6651   270.0000   214.4160   286.4000     2.1909
   537     0.2719     0.1432     8.7027   272.8000   214.0480   286.4000     2.1909
   538     0.2796     0.1529     8.4364   264.8000   211.6240   286.4000     2.1909
   539     0.2569     0.1513     8.6251   270.4000   213.7200   286.4000     2.1909
   540     0.2691     0.1492     8.6865   268.4000   211.0640   286.4000     2.1909
   541     0.2724     0.1535     8.8658   270.0000   207.0480   286.4000     2.1909
   542     0.2730     0.1400     8.5479   271.6000   206.5440   286.4000     2.1909
   543     0.2749     0.1332     8.9087   268.4000   205.0720   286.4000     2.1909
   544     0.2808     0.1469     8.9386   271.2000   206.5200   286.4000     2.1909
   545     0.2842     0.1491     8.5832   273.2000   209.0720   286.4000     2.1909
   546     0.2599     0.1442     8.9494   272.4000   208.2640   286.4000     2.1909
   547     0.2705     0.1555     8.8722   272.8000   213.6640   286.4000     2.1909
   548     0.2752     0.1415     8.8553   272.4000   211.9120   286.4000     2.1909
   549     0.2803     0.1487     8.7494   269.6000   209.9360   286.4000     2.1909
   550     0.2710     0.1445     8.7579   272.0000   210.4160   286.4000     2.1909
   551     0.2678     0.1408     8.6578   268.4000   209.2080   286.4000     2.1909
   552     0.2679     0.1521     8.5502   265.2000   208.3040   286.4000     2.1909
   553     0.2660     0.1433     8.8147   262.4000   206.2720   286.4000     2.1909
   554     0.2713     0.1397     8.5115   264.4000   208.4560   286.4000     2.1909
   555     0.2720     0.1488     8.4733   268.0000   211.8320   286.4000     2.1909
   556     0.2730     0.1477     8.3417   271.6000   213.0320   286.4000     2.1909
   557     0.2796     0.1471     8.5700   268.4000   213.2240   286.4000     2.1909
   558     0.2867     0.1509     8.5750   267.6000   211.8080   286.4000     2.1909
   559     0.2763     0.1654     8.4328   272.8000   217.9440   286.4000     2.1909
   560     0.2751     0.1477     7.9884   273.2000   224.3760   286.4000     2.1909
   561     0.2773     0.1408     7.9491   271.2000   222.1280   286.4000     2.1909
   562     0.2824     0.1368     8.0563   276.8000   223.9280   286.4000     2.1909
   563     0.2800     0.1462     8.5252   277.2000   218.7920   286.8000     2.1909
   564     0.2591     0.1513     8.4002   270.8000   218.8400   286.8000     2.1909
   565     0.2722     0.1416     8.4044   270.4000   221.3520   286.8000     2.1909
   566     0.2797     0.1604     8.5541   270.0000   220.7680   286.8000     2.1909
   567     0.2849     0.1533     8.4400   269.6000   219.4320   286.8000     2.1909
   568     0.2813     0.1461     8.5442   269.6000   219.0960   286.8000     2.1909
   569     0.2636     0.1393     8.1598   271.2000   219.0640   286.8000     2.1909
   570     0.2701     0.1456     8.5540   268.8000   213.0800   286.8000     2.1909
   571     0.2791     0.1539     8.6769   265.6000   214.6880   286.8000     2.1909
   572     0.2849     0.1607     8.7242   269.6000   216.5920   286.8000     2.1909
   573     0.2764     0.1617     8.5636   270.0000   217.4880   286.8000     2.1909
   574     0.2887     0.1643     8.5355   274.8000   221.0240   286.8000     2.1909
   575     0.2896     0.1468     8.4147   273.2000   221.6000   286.8000     2.1909
   576     0.2775     0.1442     8.5257   268.8000   219.8400   286.8000     2.1909
   577     0.2751     0.1614     8.7185   267.2000   221.2560   286.8000     2.1909
   578     0.2654     0.1495     8.6970   268.0000   215.3520   286.8000     2.1909
   579     0.2738     0.1530     8.9195   266.4000   210.9280   286.8000     2.1909
   580     0.2696     0.1533     8.9504   276.0000   214.6000   286.8000     2.1909
   581     0.2650     0.1482     8.7954   268.0000   215.4880   286.8000     2.1909
   582     0.2781     0.1558     8.9811   269.2000   214.3920   286.8000     2.1909
   583     0.2684     0.1612     8.8447   270.8000   214.0320   286.8000     2.1909
   584     0.2929     0.1479     8.4028   268.4000   221.9600   286.8000     2.1909
   585     0.2738     0.1487     8.8439   269.2000   215.4000   286.8000     2.1909
   586     0.2718     0.1485     8.7035   270.4000   216.6320   286.8000     2.1909
   587     0.2684     0.1505     8.6456   269.2000   216.8320   286.8000     2.1909
   588     0.2798     0.1577     8.7701   270.0000   215.1440   286.8000     2.1909
   589     0.2844     0.1582     8.4390   268.8000   217.8320   286.8000     2.1909
   590     0.2769     0.1552     8.3104   270.8000   218.1840   286.8000     2.1909
   591     0.2756     0.1414     8.4276   261.6000   215.9280   286.8000     2.1909
   592     0.2669     0.1442     8.1398   263.6000   217.7920   286.8000     2.1909
   593     0.2542     0.1448     8.5974   262.0000   214.4720   286.8000     2.1909
   594     0.2782     0.1505     8.3340   263.6000   219.3440   286.8000     2.1909
   595     0.2743     0.1463     8.2776   266.8000   219.6320   286.8000     2.1909
   596     0.2779     0.1573     8.4364   270.0000   220.6160   286.8000     2.1909
   597     0.2838     0.1523     8.5064   272.8000   220.1440   286.8000     2.1909
   598     0.2838     0.1596     8.4829   273.2000   222.4320   286.8000     2.1909
   599     0.2809     0.1627     8.4196   271.6000   224.1920   286.8000     2.1909
   600     0.2796     0.1579     8.7662   273.6000   222.7760   286.8000     2.1909
   601     0.2811     0.1588     8.3022   269.6000   221.8800   286.8000     2.1909
   602     0.2830     0.1512     7.9146   271.2000   226.0880   286.8000     2.1909
   603     0.2842     0.1558     7.8785   274.8000   224.2880   286.8000     2.1909
   604     0.2764     0.1648     7.9022   273.6000   227.6400   286.8000     2.1909
   605     0.2698     0.1629     8.1538   270.4000   223.9840   286.8000     2.1909
   606     0.2810     0.1644     8.4663   270.0000   220.5280   286.8000     2.1909
   607     0.2844     0.1484     8.1873   273.2000   224.3120   286.8000     2.1909
   608     0.2831     0.1661     8.4800   270.8000   220.7200   286.8000     2.1909
   609     0.2818     0.1532     8.0248   269.2000   221.5360   286.8000     2.1909
   610     0.2787     0.1427     8.1345   264.4000   220.8320   286.8000     2.1909
   611     0.2707     0.1543     8.3665   264.0000   218.5360   286.8000     2.1909
   612     0.2905     0.1540     8.3478   266.4000   216.7840   286.8000     2.1909
   613     0.2822     0.1535     8.3961   270.0000   215.8560   286.8000     2.1909
   614     0.2822     0.1517     8.8544   268.4000   213.8480   286.8000     2.1909
   615     0.2855     0.1537     8.4596   270.8000   218.2960   286.8000     2.1909
   616     0.2878     0.1556     8.4137   273.2000   220.9600   286.8000     2.1909
   617     0.2923     0.1546     8.5239   272.4000   220.1840   286.8000     2.1909
   618     0.2847     0.1537     8.6069   274.0000   220.4880   286.8000     2.1909
   619     0.2860     0.1664     8.6939   266.4000   218.9280   286.8000     2.1909
   620     0.2728     0.1566     8.4756   269.6000   220.5520   286.8000     2.1909
   621     0.2779     0.1590     8.3858   271.2000   220.9840   286.8000     2.1909
   622     0.2811     0.1643     8.3247   274.8000   223.8800   286.8000     2.1909
   623     0.2797     0.1600     8.4413   272.8000   219.3520   286.8000     2.1909
   624     0.2858     0.1593     7.9700   272.8000   227.1520   286.8000     2.1909
   625     0.2822     0.1525     8.1549   272.8000   228.0240   286.8000     2.1909
   626     0.2832     0.1502     8.0227   271.2000   229.4480   286.8000     2.1909
   627     0.2840     0.1499     8.1941   271.6000   222.4720   286.8000     2.1909
   628     0.2803     0.1448     8.2673   277.2000   220.2000   286.8000     2.1909
   629     0.2863     0.1563     8.2865   274.4000   218.6000   286.8000     2.1909
   630     0.2877     0.1571     8.5647   272.0000   217.9280   286.8000     2.1909
   631     0.2793     0.1535     8.3249   272.4000   217.8560   286.8000     2.1909
   632     0.2668     0.1529     8.4343   273.6000   224.1920   286.8000     2.1909
   633     0.2757     0.1571     8.5673   276.0000   221.1440   286.8000     2.1909
   634     0.2658     0.1527     8.8565   271.2000   220.1440   286.8000     2.1909
   635     0.2769     0.1513     8.7979   271.2000   216.6480   286.8000     2.1909
   636     0.2800     0.1475     8.3794   271.6000   220.2240   286.8000     2.1909
   637     0.2730     0.1599     8.6949   272.0000   217.5360   286.8000     2.1909
   638     0.2875     0.1525     8.7827   268.4000   215.4240   286.8000     2.1909
   639     0.2779     0.1639     8.6519   268.0000   216.6160   286.8000     2.1909
   640     0.2773     0.1527     8.4149   271.2000   217.6400   286.8000     2.1909
   641     0.2804     0.1528     8.5654   271.6000   220.6320   286.8000     2.1909
   642     0.2873     0.1474     8.5923   269.2000   214.6880   286.8000     2.1909
   643     0.2776     0.1489     8.6950   270.8000   213.5440   286.8000     2.1909
   644     0.2718     0.1439     8.8034   266.8000   211.7040   286.8000     2.1909
   645     0.2704     0.1459     8.8872   267.2000   207.5360   286.8000     2.1909
   646     0.2817     0.1499     8.7513   270.0000   213.9840   286.8000     2.1909
   647     0.2636     0.1469     8.6921   268.0000   214.3760   286.8000     2.1909
   648     0.2738     0.1454     8.3616   268.8000   219.0800   286.8000     2.1909
   649     0.2760     0.1376     8.3482   270.8000   219.7520   286.8000     2.1909
   650     0.2672     0.1495     8.5763   267.2000   218.8480   286.8000     2.1909
   651     0.2670     0.1561     8.5698   266.0000   216.5120   286.8000     2.1909
   652     0.2715     0.1617     8.5345   264.4000   219.1360   286.8000     2.1909
   653     0.2689     0.1513     8.5097   264.0000   220.0000   286.8000     2.1909
   654     0.2769     0.1640     8.8625   270.4000   217.3040   286.8000     2.1909
   655     0.2731     0.1513     8.7512   274.4000   218.3920   286.8000     2.1909
   656     0.2743     0.1464     8.6140   268.4000   215.0000   286.8000     2.1909
   657     0.2635     0.1483     8.8483   271.2000   208.4960   286.8000     2.1909
   658     0.2691     0.1387     8.8869   267.6000   209.2160   286.8000     2.1909
   659     0.2687     0.1467     8.9613   268.0000   211.0880   286.8000     2.1909
   660     0.2592     0.1465     8.5066   269.6000   214.2480   286.8000     2.1909
   661     0.2667     0.1415     8.9654   272.8000   208.3120   286.8000     2.1909
   662     0.2729     0.1605     8.9437   265.6000   210.2240   286.8000     2.1909
   663     0.2660     0.1486     8.8132   269.6000   209.8480   286.8000     2.1909
   664     0.2646     0.1359     8.9336   270.4000   206.9440   286.8000     2.1909
   665     0.2800     0.1439     9.0305   272.8000   207.2480   286.8000     2.1909
   666     0.2667     0.1545     9.0127   272.0000   210.5360   286.8000     2.1909
   667     0.2835     0.1509     8.5447   268.4000   212.1920   286.8000     2.1909
   668     0.2615     0.1392     8.8299   261.2000   210.7760   286.8000     2.1909
   669     0.2760     0.1553     9.1752   255.6000   204.7520   286.8000     2.1909
   670     0.2721     0.1544     8.9001   265.6000   214.9840   286.8000     2.1909
   671     0.2898     0.1540     8.8682   269.2000   214.0480   286.8000     2.1909
   672     0.2856     0.1464     8.6593   269.2000   210.8800   286.8000     2.1909
   673     0.2722     0.1486     8.5352   266.4000   215.2320   286.8000     2.1909
   674     0.2652     0.1400     8.3505   263.2000   214.2160   286.8000     2.1909
   675     0.2818     0.1330     8.5572   268.0000   213.1280   286.8000     2.1909
   676     0.2735     0.1505     8.4625   268.0000   214.7920   286.8000     2.1909
   677     0.2754     0.1454     8.2374   268.4000   217.3920   286.8000     2.1909
   678     0.2722     0.1441     8.3182   266.8000   216.3760   286.8000     2.1909
   679     0.2767     0.1523     8.7417   266.4000   211.7040   286.8000     2.1909
   680     0.2801     0.1558     8.5518   262.0000   216.1600   286.8000     2.1909
   681     0.2716     0.1626     8.7752   267.6000   213.9520   286.8000     2.1909
   682     0.2724     0.1485     8.4743   272.0000   216.3440   286.8000     2.1909
   683     0.2729     0.1689     8.5053   268.4000   216.1360   286.8000     2.1909
   684     0.2824     0.1504     8.6947   264.4000   213.4640   286.8000     2.1909
   685     0.2760     0.1520     8.3336   266.8000   218.4880   286.8000     2.1909
   686     0.2693     0.1458     8.6229   265.6000   214.3600   286.8000     2.1909
   687     0.2756     0.1603     8.7548   268.8000   212.6480   286.8000     2.1909
   688     0.2758     0.1525     8.4147   267.6000   218.8960   286.8000     2.1909
   689     0.2695     0.1372     8.2220   262.0000   218.6560   286.8000     2.1909
   690     0.2733     0.1418     8.2743   265.6000   214.9440   286.8000     2.1909
   691     0.2633     0.1365     8.1329   268.8000   220.4960   286.8000     2.1909
   692     0.2769     0.1537     8.1656   265.2000   220.9600   286.8000     2.1909
   693     0.2760     0.1394     8.2372   267.6000   219.9120   286.8000     2.1909
   694     0.2840     0.1549     8.5559   270.4000   217.7680   286.8000     2.1909
   695     0.2722     0.1617     8.6893   264.4000   219.2480   286.8000     2.1909
   696     0.2733     0.1559     8.5704   266.8000   222.1120   286.8000     2.1909
   697     0.2779     0.1457     8.4444   269.2000   219.7600   286.8000     2.1909
   698     0.2758     0.1588     8.6371   269.2000   218.5760   286.8000     2.1909
   699     0.2835     0.1597     8.2988   270.8000   222.7680   286.8000     2.1909
   700     0.2732     0.1598     8.4904   270.4000   219.2960   286.8000     2.1909
   701     0.2817     0.1576     8.4191   268.8000   218.9040   286.8000     2.1909
   702     0.2779     0.1451     8.0758   272.8000   223.4720   286.8000     2.1909
   703     0.2850     0.1485     8.4544   268.8000   219.6880   286.8000     2.1909
   704     0.2695     0.1459     8.2694   270.4000   219.9520   286.8000     2.1909
   705     0.2666     0.1507     8.6312   268.8000   213.7920   286.8000     2.1909
   706     0.2724     0.1497     8.4369   265.2000   215.0080   286.8000     2.1909
   707     0.2828     0.1562     8.5860   271.2000   216.9520   286.8000     2.1909
   708     0.2804     0.1512     8.3419   268.4000   217.3280   286.8000     2.1909
   709     0.2716     0.1549     8.1879   271.2000   217.2880   286.8000     2.1909
   710     0.2726     0.1512     8.3164   273.6000   217.7280   286.8000     2.1909
   711     0.2710     0.1632     8.4442   271.6000   216.3280   286.8000     2.1909
   712     0.2679     0.1468     8.3742   268.8000   219.1520   286.8000     2.1909
   713     0.2711     0.1449     8.1641   273.2000   215.9920   286.8000     2.1909
   714     0.2711     0.1411     8.3956   268.8000   210.5040   286.8000     2.1909
   715     0.2886     0.1550     8.3176   271.6000   215.6720   286.8000     2.1909
   716     0.2803     0.1628     8.5207   272.4000   217.6720   286.8000     2.1909
   717     0.2750     0.1528     8.2325   268.8000   221.3440   286.8000     2.1909
   718     0.2742     0.1502     8.4542   264.4000   219.0880   286.8000     2.1909
   719     0.2748     0.1579     8.3051   265.2000   217.0480   286.8000     2.1909
   720     0.2813     0.1550     8.1900   270.0000   223.6320   286.8000     2.1909
   721     0.2876     0.1572     8.2718   269.6000   218.4400   286.8000     2.1909
   722     0.2706     0.1518     8.3401   274.0000   220.7760   286.8000     2.1909
   723     0.2853     0.1638     8.4403   273.2000   217.8800   286.8000     2.1909
   724     0.2736     0.1522     8.3438   272.4000   223.7600   286.8000     2.1909
   725     0.2842     0.1652     8.5068   270.8000   219.4560   286.8000     2.1909
   726     0.2838     0.1562     8.7680   271.6000   219.8880   286.8000     2.1909
   727     0.2775     0.1412     8.5838   272.0000   222.8160   286.8000     2.1909
   728     0.2902     0.1493     9.0028   269.2000   217.2160   286.8000     2.1909
   729     0.2848     0.1585     8.6963   273.2000   215.2720   286.8000     2.1909
   730     0.2752     0.1554     8.4103   270.0000   218.6800   286.8000     2.1909
   731     0.2795     0.1569     8.6596   272.4000   214.9760   286.8000     2.1909
   732     0.2788     0.1456     8.8713   270.8000   215.2880   286.8000     2.1909
   733     0.2809     0.1638     9.0589   272.0000   216.5760   286.8000     2.1909
   734     0.2804     0.1438     8.6136   269.2000   219.7280   286.8000     2.1909
   735     0.2709     0.1562     8.7801   270.0000   216.1280   286.8000     2.1909
   736     0.2777     0.1370     8.7944   270.8000   217.2320   286.8000     2.1909
   737     0.2689     0.1481     8.7068   270.8000   219.9280   286.8000     2.1909
   738     0.2665     0.1538     9.2041   266.8000   212.3120   286.8000     2.1909
   739     0.2746     0.1493     9.0947   270.0000   210.9200   286.8000     2.1909
   740     0.2818     0.1419     8.7680   270.4000   215.4080   286.8000     2.1909
   741     0.2761     0.1485     8.4735   274.0000   216.3840   286.8000     2.1909
   742     0.2683     0.1411     8.5745   267.6000   223.7200   286.8000     2.1909
   743     0.2778     0.1409     8.6699   268.4000   215.2080   287.2000     2.1909
   744     0.2781     0.1533     8.8340   264.4000   214.3680   287.2000     2.1909
   745     0.2722     0.1540     8.6482   270.4000   218.2400   287.2000     2.1909
   746     0.2722     0.1569     8.6932   271.2000   220.6080   287.2000     2.1909
   747     0.2802     0.1593     8.7210   271.2000   215.4720   287.2000     2.1909
   748     0.2720     0.1412     8.5002   267.2000   212.9920   287.2000     2.1909
   749     0.2822     0.1542     8.7972   264.0000   210.7440   287.2000     2.1909
   750     0.2668     0.1452     8.6456   262.0000   212.6240   287.2000     2.1909
   751     0.2676     0.1397     8.5128   268.0000   213.3840   287.2000     2.1909
   752     0.2663     0.1545     8.7100   272.4000   214.9520   287.2000     2.1909
   753     0.2644     0.1463     8.4957   274.4000   216.2880   287.2000     2.1909
   754     0.2656     0.1427     8.4687   270.4000   221.4480   287.2000     2.1909
   755     0.2827     0.1412     8.5946   272.4000   217.2160   287.2000     2.1909
   756     0.2758     0.1498     8.4511   278.8000   214.4080   287.2000     2.1909
   757     0.2883     0.1495     8.5786   277.6000   216.9760   287.2000     2.1909
   758     0.2786     0.1609     8.5030   275.6000   218.0400   287.2000     2.1909
   759     0.2769     0.1518     8.3391   273.2000   221.7360   287.2000     2.1909
   760     0.2558     0.1475     8.5443   271.6000   218.0480   287.2000     2.1909
   761     0.2764     0.1493     8.6470   265.6000   215.9440   287.2000     2.1909
   762     0.2748     0.1476     8.7577   266.0000   210.8880   287.2000     2.1909
   763     0.2802     0.1406     8.6869   264.8000   210.5520   287.2000     2.1909
   764     0.2672     0.1616     8.6527   264.8000   212.8320   287.2000     2.1909
   765     0.2787     0.1585     8.5533   268.0000   214.7120   287.2000     2.1909
   766     0.2811     0.1555     8.5391   266.4000   214.0640   287.2000     2.1909
   767     0.2773     0.1544     8.4971   266.4000   217.1600   287.2000     2.1909
   768     0.2858     0.1528     8.5272   269.2000   216.2800   287.2000     2.1909
   769     0.2720     0.1525     8.7636   267.6000   216.3600   287.2000     2.1909
   770     0.2677     0.1481     8.6833   266.8000   214.6320   287.2000     2.1909
   771     0.2787     0.1538     8.8873   268.8000   214.0560   287.2000     2.1909
   772     0.2716     0.1598     8.5669   268.0000   215.6480   287.2000     2.1909
   773     0.2779     0.1636     8.5972   271.2000   217.4080   287.2000     2.1909
   774     0.2796     0.1510     8.4656   270.0000   217.6160   287.2000     2.1909
   775     0.2757     0.1622     8.5791   268.4000   218.0880   287.2000     2.1909
   776     0.2803     0.1478     8.4214   271.2000   219.4160   287.2000     2.1909
   777     0.2778     0.1557     8.6349   265.2000   217.3200   287.2000     2.1909
   778     0.2766     0.1569     8.8056   267.6000   218.7200   287.2000     2.1909
   779     0.2842     0.1562     8.8198   274.4000   220.1520   287.2000     2.1909
   780     0.2625     0.1575     8.6589   270.8000   220.6880   287.2000     2.1909
   781     0.2803     0.1575     8.7141   265.2000   214.7040   287.2000     2.1909
   782     0.2883     0.1497     8.7608   268.4000   215.6960   287.2000     2.1909
   783     0.2818     0.1631     8.5092   270.8000   217.3520   287.2000     2.1909
   784     0.2835     0.1633     8.5314   268.8000   219.1600   287.2000     2.1909
   785     0.2815     0.1536     8.2924   268.4000   221.5440   287.2000     2.1909
   786     0.2782     0.1595     8.4377   270.0000   220.9040   287.2000     2.1909
   787     0.2823     0.1573     8.6230   269.6000   219.8240   287.2000     2.1909
   788     0.2718     0.1470     8.4403   270.8000   222.7120   287.2000     2.1909
   789     0.2670     0.1471     8.5249   274.8000   223.0480   287.2000     2.1909
   790     0.2680     0.1403     8.6467   271.2000   214.5840   287.2000     2.1909
   791     0.2707     0.1713     8.9409   268.8000   215.3520   287.2000     2.1909
   792     0.2759     0.1474     8.4996   272.4000   216.8800   287.2000     2.1909
   793     0.2729     0.1400     8.8470   275.2000   214.0480   287.2000     2.1909
   794     0.2933     0.1511     8.7140   275.2000   215.1280   287.2000     2.1909
   795     0.2859     0.1493     8.7242   277.2000   216.7520   287.2000     2.1909
   796     0.2815     0.1520     8.5835   274.4000   216.8320   287.2000     2.1909
   797     0.2893     0.1562     8.5546   272.4000   219.2720   287.2000     2.1909
   798     0.2679     0.1505     8.4878   274.0000   220.2080   287.2000     2.1909
   799     0.2649     0.1505     8.7376   269.6000   215.3760   287.2000     2.1909
   800     0.2658     0.1452     8.2718   272.0000   216.0080   287.2000     2.1909
   801     0.2853     0.1544     8.3089   272.0000   216.8800   287.2000     2.1909
   802     0.2720     0.1550     8.2650   270.8000   222.0880   287.2000     2.1909
   803     0.2707     0.1453     8.2749   261.6000   217.6800   287.2000     2.1909
   804     0.2832     0.1422     8.0924   269.2000   216.6560   287.2000     2.1909
   805     0.2762     0.1456     8.2986   270.4000   215.8960   287.2000     2.1909
   806     0.2759     0.1410     8.5927   275.2000   219.2320   287.2000     2.1909
   807     0.2786     0.1538     8.6555   268.8000   216.1360   287.2000     2.1909
   808     0.2724     0.1540     8.4304   269.6000   219.9520   287.2000     2.1909
   809     0.2764     0.1406     8.4887   270.8000   216.4560   287.2000     2.1909
   810     0.2640     0.1515     8.3589   269.2000   215.6000   287.2000     2.1909
   811     0.2727     0.1584     8.7437   269.6000   211.1760   287.2000     2.1909
   812     0.2771     0.1472     8.9251   269.6000   212.3200   287.2000     2.1909
   813     0.2669     0.1401     8.9283   266.0000   209.2480   287.2000     2.1909
   814     0.2767     0.1484     8.5306   270.0000   212.6400   287.2000     2.1909
   815     0.2832     0.1435     8.7781   268.4000   210.7680   287.2000     2.1909
   816     0.2758     0.1463     8.9631   269.2000   210.6800   287.2000     2.1909
   817     0.2778     0.1473     8.7600   268.8000   213.1920   287.2000     2.1909
   818     0.2717     0.1411     8.7958   265.6000   212.9280   287.2000     2.1909
   819     0.2565     0.1529     8.7406   266.0000   213.6000   287.2000     2.1909
   820     0.2663     0.1399     8.7146   262.0000   210.0720   287.2000     2.1909
   821     0.2764     0.1429     8.6273   260.4000   211.4560   287.2000     2.1909
   822     0.2773     0.1390     8.9252   266.4000   210.8880   287.2000     2.1909
   823     0.2782     0.1591     8.4900   271.6000   214.2960   287.6000     2.1909
   824     0.2680     0.1503     8.6509   271.2000   215.6880   287.6000     2.1909
   825     0.2701     0.1484     8.7977   269.6000   214.0320   287.6000     2.1909
   826     0.2686     0.1401     8.9864   270.8000   210.1760   287.6000     2.1909
   827     0.2687     0.1452     9.0839   265.6000   210.3760   287.6000     2.1909
   828     0.2698     0.1500     8.8522   266.8000   212.2880   287.6000     2.1909
   829     0.2671     0.1501     8.7688   274.4000   213.1440   287.6000     2.1909
   830     0.2643     0.1418     8.7522   272.0000   212.0560   287.6000     2.1909
   831     0.2667     0.1483     9.1698   264.4000   207.1920   287.6000     2.1909
   832     0.2677     0.1480     9.1177   270.4000   208.3360   287.6000     2.1909
   833     0.2662     0.1443     8.7580   272.4000   215.1920   287.6000     2.1909
   834     0.2716     0.1444     8.3192   271.6000   216.8400   287.6000     2.1909
   835     0.2745     0.1504     8.8736   258.8000   208.2480   287.6000     2.1909
   836     0.2758     0.1577     8.8722   263.6000   209.2480   287.6000     2.1909
   837     0.2834     0.1550     8.5569   264.4000   211.0480   287.6000     2.1909
   838     0.2747     0.1558     8.7117   267.6000   212.8720   287.6000     2.1909
   839     0.2755     0.1384     8.6441   269.2000   211.6080   287.6000     2.1909
   840     0.2693     0.1489     8.5530   267.6000   209.1600   287.6000     2.1909
   841     0.2780     0.1496     8.7574   259.6000   211.9440   287.6000     2.1909
   842     0.2737     0.1656     9.0438   266.4000   210.7280   287.6000     2.1909
   843     0.2902     0.1498     8.6633   268.0000   214.6800   287.6000     2.1909
   844     0.2853     0.1492     8.7251   268.4000   214.6000   287.6000     2.1909
   845     0.2822     0.1431     8.7365   266.8000   210.0560   287.6000     2.1909
   846     0.2708     0.1508     8.9758   268.4000   211.8640   287.6000     2.1909
   847     0.2802     0.1578     8.5701   268.8000   214.4960   287.6000     2.1909
   848     0.2769     0.1462     8.6534   266.0000   218.9760   287.6000     2.1909
   849     0.2804     0.1588     8.7651   268.8000   214.8000   287.6000     2.1909
   850     0.2707     0.1578     8.4617   268.4000   214.9600   287.6000     2.1909
   851     0.2895     0.1471     8.5659   275.6000   215.0240   287.6000     2.1909
   852     0.2842     0.1529     8.5205   273.2000   217.9200   287.6000     2.1909
   853     0.2778     0.1544     8.7494   269.6000   217.2320   287.6000     2.1909
   854     0.2831     0.1489     8.4204   272.0000   219.4480   287.6000     2.1909
   855     0.2862     0.1408     8.1073   267.2000   216.2160   287.6000     2.1909
   856     0.2747     0.1473     8.5709   266.8000   212.8400   287.6000     2.1909
   857     0.2702     0.1448     8.5058   266.0000   211.4080   287.6000     2.1909
   858     0.2529     0.1514     8.6462   274.8000   210.8960   287.6000     2.1909
   859     0.2674     0.1497     8.7045   268.4000   213.4800   287.6000     2.1909
   860     0.2747     0.1485     8.5752   267.2000   211.0480   287.6000     2.1909
   861     0.2667     0.1522     8.6103   270.8000   215.7920   287.6000     2.1909
   862     0.2736     0.1427     8.2940   268.0000   212.8720   287.6000     2.1909
   863     0.2802     0.1338     8.3180   267.2000   218.5440   287.6000     2.1909
   864     0.2650     0.1503     8.4558   266.0000   216.0000   287.6000     2.1909
   865     0.2849     0.1478     8.4567   271.6000   216.6160   287.6000     2.1909
   866     0.2813     0.1452     8.0751   266.4000   211.2960   287.6000     2.1909
   867     0.2742     0.1549     8.4057   266.0000   216.2480   287.6000     2.1909
   868     0.2865     0.1492     8.7798   267.2000   213.0400   287.6000     2.1909
   869     0.2853     0.1540     8.6754   268.4000   215.8320   287.6000     2.1909
   870     0.2849     0.1595     8.8260   266.4000   213.2880   287.6000     2.1909
   871     0.2764     0.1659     8.5035   270.8000   214.8800   287.6000     2.1909
   872     0.2750     0.1603     8.2331   275.6000   216.6720   287.6000     2.1909
   873     0.2834     0.1579     8.0240   270.4000   221.5120   287.6000     2.1909
   874     0.2846     0.1615     8.3479   270.8000   214.7120   287.6000     2.1909
   875     0.2804     0.1616     8.2072   271.6000   216.7760   287.6000     2.1909
   876     0.2691     0.1491     8.1017   271.6000   218.7760   287.6000     2.1909
   877     0.2725     0.1551     8.0504   265.2000   218.1520   287.6000     2.1909
   878     0.2763     0.1589     8.1773   270.8000   216.5920   287.6000     2.1909
   879     0.2810     0.1624     8.0682   274.4000   214.7200   287.6000     2.1909
   880     0.2849     0.1688     8.2496   277.2000   219.1600   287.6000     2.1909
   881     0.2786     0.1501     8.1283   276.4000   220.5920   287.6000     2.1909
   882     0.2849     0.1547     8.1980   272.8000   218.0720   287.6000     2.1909
   883     0.2726     0.1479     8.4473   268.0000   215.9040   287.6000     2.1909
   884     0.2862     0.1404     8.3724   272.4000   216.4880   287.6000     2.1909
   885     0.2720     0.1457     8.6996   269.2000   212.8880   287.6000     2.1909
   886     0.2753     0.1554     8.5525   268.8000   216.1440   287.6000     2.1909
   887     0.2717     0.1484     8.2465   268.8000   221.5680   287.6000     2.1909
   888     0.2683     0.1624     8.4509   270.8000   219.0720   287.6000     2.1909
   889     0.2758     0.1660     8.4462   270.4000   217.2400   287.6000     2.1909
   890     0.2853     0.1587     8.4157   267.2000   215.8080   287.6000     2.1909
   891     0.2807     0.1413     8.1169   270.8000   221.3440   287.6000     2.1909
   892     0.2822     0.1493     8.2059   269.2000   219.4160   287.6000     2.1909
   893     0.2929     0.1427     8.1496   269.6000   215.2960   287.6000     2.1909
   894     0.2774     0.1517     8.3512   270.8000   221.4800   287.6000     2.1909
   895     0.2753     0.1467     8.1484   272.4000   219.7360   287.6000     2.1909
   896     0.2767     0.1466     8.2447   271.2000   218.0720   287.6000     2.1909
   897     0.2784     0.1473     8.4152   272.0000   219.7520   287.6000     2.1909
   898     0.2816     0.1519     8.2570   272.0000   220.8480   287.6000     2.1909
   899     0.2756     0.1396     8.4813   270.0000   217.3760   287.6000     2.1909
   900     0.2773     0.1467     8.3616   272.0000   218.1840   287.6000     2.1909
   901     0.2716     0.1460     8.4629   269.6000   218.9360   287.6000     2.1909
   902     0.2633     0.1480     8.5016   270.0000   218.5440   287.6000     2.1909
   903     0.2836     0.1609     8.3819   270.8000   219.7840   287.6000     2.1909
   904     0.2742     0.1580     8.7419   265.6000   217.0880   287.6000     2.1909
   905     0.2779     0.1524     8.4452   268.0000   219.0000   287.6000     2.1909
   906     0.2835     0.1672     8.9200   266.4000   218.8720   287.6000     2.1909
   907     0.2768     0.1600     8.4873   271.6000   222.7120   287.6000     2.1909
   908     0.2818     0.1489     8.5195   270.4000   222.1440   287.6000     2.1909
   909     0.2862     0.1719     8.8914   269.2000   220.6080   287.6000     2.1909
   910     0.2724     0.1533     8.4575   270.4000   222.4000   287.6000     2.1909
   911     0.2768     0.1395     8.5499   269.6000   221.0560   287.6000     2.1909
   912     0.2870     0.1470     8.2299   271.6000   219.8400   287.6000     2.1909
   913     0.2764     0.1442     8.4496   274.8000   217.4400   287.6000     2.1909
   914     0.2822     0.1478     8.7842   269.6000   217.8000   287.6000     2.1909
   915     0.2840     0.1500     8.8846   266.4000   216.1920   287.6000     2.1909
   916     0.2750     0.1474     8.6847   274.4000   220.1920   287.6000     2.1909
   917     0.2777     0.1470     8.7154   268.8000   220.5280   287.6000     2.1909
   918     0.2938     0.1578     8.6220   273.2000   221.6320   287.6000     2.1909
   919     0.2817     0.1575     8.6784   274.0000   219.7680   287.6000     2.1909
   920     0.2786     0.1609     8.5904   272.8000   218.3520   287.6000     2.1909
   921     0.2836     0.1433     8.1135   270.8000   218.4400   287.6000     2.1909
   922     0.2839     0.1623     8.3120   267.2000   219.2240   287.6000     2.1909
   923     0.2751     0.1518     8.5468   265.6000   221.7360   287.6000     2.1909
   924     0.2586     0.1479     8.6934   267.6000   217.5120   287.6000     2.1909
   925     0.2670     0.1534     8.3613   266.4000   216.9360   287.6000     2.1909
   926     0.2762     0.1504     8.5822   266.0000   217.0720   287.6000     2.1909
   927     0.2603     0.1519     8.3322   266.4000   219.2080   287.6000     2.1909
   928     0.2664     0.1456     8.3892   268.4000   216.6560   287.6000     2.1909
   929     0.2801     0.1589     8.7714   262.8000   210.6000   287.6000     2.1909
   930     0.2813     0.1490     8.6436   267.6000   213.9360   287.6000     2.1909
   931     0.2716     0.1502     8.5592   262.8000   211.8640   287.6000     2.1909
   932     0.2747     0.1421     8.4970   264.4000   216.4800   287.6000     2.1909
   933     0.2616     0.1498     8.5842   267.2000   212.9120   287.6000     2.1909
   934     0.2809     0.1468     8.5249   268.4000   214.2480   287.6000     2.1909
   935     0.2853     0.1493     8.5109   269.6000   218.2480   287.6000     2.1909
   936     0.2814     0.1476     8.2699   272.0000   220.7280   287.6000     2.1909
   937     0.2864     0.1549     8.3796   270.0000   219.4640   287.6000     2.1909
   938     0.2822     0.1477     8.4776   272.0000   219.8640   287.6000     2.1909
   939     0.2807     0.1590     8.8183   271.6000   222.0320   287.6000     2.1909
   940     0.2750     0.1505     8.6108   270.0000   222.3440   287.6000     2.1909
   941     0.2813     0.1520     8.2359   272.8000   221.9760   287.6000     2.1909
   942     0.2766     0.1461     8.8746   268.8000   217.0480   287.6000     2.1909
   943     0.2708     0.1470     8.6852   273.2000   216.7280   287.6000     2.1909
   944     0.2678     0.1572     8.9141   274.8000   214.1200   287.6000     2.1909
   945     0.2657     0.1519     8.9732   265.6000   212.2640   287.6000     2.1909
   946     0.2814     0.1622     8.8232   265.6000   213.3920   287.6000     2.1909
   947     0.2669     0.1564     8.6364   268.4000   221.9200   287.6000     2.1909
   948     0.2894     0.1504     9.0955   268.8000   214.8640   287.6000     2.1909
   949     0.2808     0.1532     8.9376   271.2000   215.3520   287.6000     2.1909
   950     0.2720     0.1534     8.9339   268.8000   218.2080   287.6000     2.1909
   951     0.2818     0.1606     9.0087   266.4000   214.5440   287.6000     2.1909
   952     0.2784     0.1487     8.5371   264.4000   219.8080   287.6000     2.1909
   953     0.2793     0.1462     8.9040   264.4000   217.2400   287.6000     2.1909
   954     0.2860     0.1539     8.8612   272.4000   218.1680   287.6000     2.1909
   955     0.2774     0.1590     8.8567   271.2000   217.2240   287.6000     2.1909
   956     0.2810     0.1445     8.7884   270.0000   221.7840   287.6000     2.1909
   957     0.2716     0.1562     8.9866   269.6000   221.0000   287.6000     2.1909
   958     0.2856     0.1456     8.5443   274.0000   220.6400   287.6000     2.1909
   959     0.2577     0.1367     8.5551   272.4000   217.9520   287.6000     2.1909
   960     0.2757     0.1479     8.6132   268.8000   217.4080   287.6000     2.1909
   961     0.2847     0.1537     8.4021   270.0000   221.0000   287.6000     2.1909
   962     0.2767     0.1654     8.8137   272.4000   220.2400   287.6000     2.1909
   963     0.2673     0.1336     8.5722   268.0000   217.0160   287.6000     2.1909
   964     0.2774     0.1481     8.8407   268.8000   214.5840   287.6000     2.1909
   965     0.2727     0.1532     9.0771   263.6000   213.6880   287.6000     2.1909
   966     0.2796     0.1473     8.8335   268.0000   215.8800   287.6000     2.1909
   967     0.2740     0.1521     8.5339   269.6000   219.7760   287.6000     2.1909
   968     0.2724     0.1491     8.5082   268.0000   214.5360   287.6000     2.1909
   969     0.2698     0.1401     8.3280   269.6000   217.5920   287.6000     2.1909
   970     0.2707     0.1421     8.4643   261.2000   210.5280   287.6000     2.1909
   971     0.2722     0.1524     8.6885   269.2000   211.4800   287.6000     2.1909
   972     0.2742     0.1429     8.4276   266.4000   214.6960   287.6000     2.1909
   973     0.2685     0.1306     8.4180   264.8000   213.2800   287.6000     2.1909
   974     0.2714     0.1490     8.7837   269.2000   211.2000   287.6000     2.1909
   975     0.2751     0.1483     8.6374   269.6000   212.2880   287.6000     2.1909
   976     0.2864     0.1517     8.4754   265.2000   214.7840   287.6000     2.1909
   977     0.2638     0.1391     8.3544   272.0000   216.3440   287.6000     2.1909
   978     0.2808     0.1485     8.3272   268.8000   215.1200   287.6000     2.1909
   979     0.2742     0.1453     8.4491   271.2000   219.1120   287.6000     2.1909
   980     0.2671     0.1473     8.6793   272.0000   213.8800   287.6000     2.1909
   981     0.2789     0.1438     8.5678   269.2000   217.6160   287.6000     2.1909
   982     0.2705     0.1525     8.5420   262.8000   217.4400   287.6000     2.1909
   983     0.2778     0.1556     8.5659   266.0000   213.5040   287.6000     2.1909
   984     0.2764     0.1509     8.5270   272.0000   216.0480   287.6000     2.1909
   985     0.2871     0.1644     8.7009   267.2000   214.1840   287.6000     2.1909
   986     0.2809     0.1477     8.6070   269.2000   215.9520   287.6000     2.1909
   987     0.2772     0.1560     8.7809   263.2000   213.9440   287.6000     2.1909
   988     0.2790     0.1520     8.3956   267.2000   218.6640   287.6000     2.1909
   989     0.2764     0.1370     8.5665   269.2000   216.3200   287.6000     2.1909
   990     0.2798     0.1509     8.6609   269.6000   211.6960   287.6000     2.1909
   991     0.2734     0.1477     8.8965   269.2000   209.9760   287.6000     2.1909
   992     0.2635     0.1513     8.7944   271.2000   217.4400   287.6000     2.1909
   993     0.2729     0.1411     8.4168   275.2000   221.2400   287.6000     2.1909
   994     0.2699     0.1454     8.6211   270.8000   219.4240   287.6000     2.1909
   995     0.2884     0.1516     8.6171   274.0000   216.8000   287.6000     2.1909
   996     0.2813     0.1601     8.8692   270.4000   217.2000   287.6000     2.1909
   997     0.2744     0.1556     8.6487   268.4000   224.6160   287.6000     2.1909
   998     0.2889     0.1578     8.6230   273.2000   219.8240   287.6000     2.1909
   999     0.2602     0.1498     8.8109   270.0000   215.4800   287.6000     2.1909
  1000     0.2771     0.1396     8.8091   268.8000   212.6400   287.6000     2.1909
