     1     0.2460     0.1670    29.9407   442.8000   300.5680   442.8000     5.2154
     2     0.2536     0.1774    28.2451   464.8000   340.1040   464.8000     5.2154
     3     0.2529     0.1793    26.6921   472.8000   374.2800   472.8000     5.2154
     4     0.2660     0.1876    25.2423   482.4000   388.3440   486.8000     5.2154
     5     0.2687     0.1813    24.1858   491.6000   404.2240   496.8000     5.2154
     6     0.2681     0.1903    23.1801   514.4000   408.2400   514.4000     5.2154
     7     0.2718     0.1933    22.5486   506.8000   416.5760   519.2000     5.2154
     8     0.2740     0.2005    22.0993   498.4000   417.3600   519.6000     5.2154
     9     0.2791     0.2065    21.4348   518.0000   425.4560   526.4000     5.2154
    10     0.2728     0.1936    20.2336   514.4000   431.2400   528.4000     5.2154
    11     0.2749     0.1900    20.3590   506.8000   427.6720   528.4000     5.2154
    12     0.2772     0.1908    19.8016   517.2000   430.2640   530.8000     5.2154
    13     0.2720     0.1840    18.2438   529.6000   442.7440   542.4000     5.2154
    14     0.2836     0.1799    17.2818   523.2000   442.3280   542.4000     5.2154
    15     0.2771     0.1931    17.4206   530.4000   441.6720   542.8000     5.2154
    16     0.2863     0.2025    17.5997   524.0000   439.2640   544.4000     5.2154
    17     0.2820     0.1951    17.0725   530.4000   451.3360   544.4000     5.2154
    18     0.2773     0.1856    15.9752   514.8000   446.1280   544.4000     5.2154
    19     0.2796     0.1937    15.8895   518.8000   437.1920   544.4000     5.2154
    20     0.2858     0.1900    15.0273   520.8000   443.4880   544.4000     5.2154
    21     0.2900     0.1910    14.7097   532.8000   454.0560   547.2000     5.2154
    22     0.2838     0.1939    14.7690   532.0000   451.8240   547.2000     5.2154
    23     0.2869     0.2031    14.3548   532.0000   457.4480   547.2000     5.2154
    24     0.2832     0.1896    14.1736   526.4000   458.8080   547.2000     5.2154
    25     0.2864     0.2091    13.8890   528.8000   450.0320   548.0000     5.2154
    26     0.2919     0.2104    13.2890   537.6000   462.6960   549.2000     5.2154
    27     0.2811     0.1953    13.8913   536.8000   465.7920   549.6000     5.2154
    28     0.2929     0.1934    13.2950   535.6000   467.8080   549.6000     5.2154
    29     0.2984     0.2219    13.8989   547.6000   465.6560   552.0000     5.2154
    30     0.3036     0.2045    13.6136   552.4000   474.3440   557.2000     5.2154
    31     0.2940     0.2066    13.3311   549.6000   476.2800   557.6000     5.2154
    32     0.2852     0.1897    13.0433   543.2000   473.9040   558.0000     5.2154
    33     0.2891     0.1938    13.3393   540.0000   469.9120   558.8000     5.2154
    34     0.2884     0.1952    13.8292   531.6000   466.5120   558.8000     5.2154
    35     0.2893     0.1985    13.6968   524.4000   466.2800   558.8000     5.2154
    36     0.2922     0.2125    13.4521   529.6000   461.0400   558.8000     5.2154
    37     0.2950     0.2019    13.2480   536.8000   464.8320   558.8000     5.2154
    38     0.2889     0.1945    12.9949   543.6000   470.1440   558.8000     5.2154
    39     0.2851     0.2100    13.3615   544.4000   467.9120   558.8000     5.2154
    40     0.2900     0.2080    13.1001   540.8000   466.2560   558.8000     5.2154
    41     0.2836     0.1885    13.4359   534.4000   469.1600   558.8000     5.2154
    42     0.2931     0.2082    13.5961   538.4000   463.2800   559.2000     5.2154
    43     0.2865     0.2023    13.1551   535.2000   469.3840   559.2000     5.2154
    44     0.2868     0.2043    13.2111   538.8000   469.0560   562.4000     5.2154
    45     0.2931     0.1987    12.8751   541.2000   469.3600   562.4000     5.2154
    46     0.2876     0.1928    12.8039   543.2000   470.4640   562.4000     5.2154
    47     0.2923     0.2102    13.6648   538.0000   464.8720   562.4000     5.2154
    48     0.2864     0.2044    12.9322   540.0000   473.7280   562.4000     5.2154
    49     0.2924     0.2031    12.9896   534.0000   467.8320   562.4000     5.2154
    50     0.2879     0.2098    12.9639   542.4000   472.0160   562.4000     5.2154
    51     0.2918     0.1921    13.0033   541.6000   474.3760   562.4000     5.2154
    52     0.2868     0.1910    13.1923   538.0000   472.3440   562.4000     5.2154
    53     0.2982     0.2015    13.0789   544.8000   477.8240   562.4000     5.2154
    54     0.2951     0.2199    13.3623   541.2000   472.5120   562.4000     5.2154
    55     0.2851     0.2014    12.7574   543.2000   479.0160   562.4000     5.2154
    56     0.2922     0.1880    12.6567   535.6000   474.8160   562.4000     5.2154
    57     0.2893     0.2049    13.2121   537.2000   471.9840   562.4000     5.2154
    58     0.2916     0.2027    12.9931   540.8000   474.6640   562.4000     5.2154
    59     0.2945     0.1992    12.9958   542.0000   469.4480   562.4000     5.2154
    60     0.2942     0.2051    12.8676   545.6000   470.9280   562.4000     5.2154
    61     0.2944     0.2005    12.5611   536.0000   473.5280   562.4000     5.2154
    62     0.2944     0.2050    12.4296   539.2000   478.3760   562.4000     5.2154
    63     0.2991     0.2105    12.5122   552.0000   480.2000   562.4000     5.2154
    64     0.2944     0.1976    12.1995   544.0000   486.0960   562.4000     5.2154
    65     0.2918     0.2011    12.3419   549.2000   478.5440   562.8000     5.2154
    66     0.2930     0.1942    12.2731   549.2000   477.8320   562.8000     5.2154
    67     0.2940     0.2178    12.9958   548.8000   466.2480   562.8000     5.2154
    68     0.2880     0.1992    12.5744   544.4000   476.9600   562.8000     5.2154
    69     0.2946     0.1999    12.8372   542.4000   476.1920   562.8000     5.2154
    70     0.2944     0.2079    12.8771   549.2000   477.7120   562.8000     5.2154
    71     0.2838     0.1956    12.8175   548.4000   476.0400   562.8000     5.2154
    72     0.2934     0.1970    12.4890   542.8000   475.0480   562.8000     5.2154
    73     0.2898     0.2171    12.9151   540.0000   467.4000   562.8000     5.2154
    74     0.2922     0.1981    12.1691   540.0000   478.1280   563.6000     5.2154
    75     0.2936     0.1948    12.0540   541.2000   479.1920   563.6000     5.2154
    76     0.2936     0.1801    11.7117   546.0000   483.1840   563.6000     5.2154
    77     0.2947     0.2210    12.7762   539.2000   475.3280   563.6000     5.2154
    78     0.2982     0.2189    12.5840   546.8000   485.1440   563.6000     5.2154
    79     0.2952     0.2147    12.2490   551.2000   486.5520   563.6000     5.2154
    80     0.3024     0.2075    12.2638   548.0000   483.2000   563.6000     5.2154
    81     0.2973     0.2130    12.4606   546.8000   482.4720   563.6000     5.2154
    82     0.2956     0.1905    12.3009   547.6000   487.6240   563.6000     5.2154
    83     0.2996     0.2056    12.0900   554.0000   490.7280   563.6000     5.2154
    84     0.3029     0.2031    12.0034   555.2000   484.7760   564.4000     5.2154
    85     0.2924     0.2130    12.3081   550.4000   486.6000   564.4000     5.2154
    86     0.2924     0.2032    12.3058   553.6000   486.0560   564.4000     5.2154
    87     0.2963     0.2142    12.6780   545.2000   480.6960   564.4000     5.2154
    88     0.2984     0.2022    12.3383   544.8000   485.4720   564.4000     5.2154
    89     0.2962     0.2029    12.5290   551.2000   485.5200   564.4000     5.2154
    90     0.2978     0.2092    12.7349   548.0000   482.7600   564.4000     5.2154
    91     0.2944     0.2005    12.3513   549.2000   483.6960   564.4000     5.2154
    92     0.2926     0.2007    12.4150   539.2000   478.2880   564.4000     5.2154
    93     0.2940     0.2050    12.4420   543.6000   477.1600   564.4000     5.2154
    94     0.2914     0.2001    12.4953   547.2000   475.9520   564.4000     5.2154
    95     0.2922     0.1982    12.2929   545.2000   474.7360   564.4000     5.2154
    96     0.2942     0.2033    12.3882   543.2000   474.4960   564.4000     5.2154
    97     0.2909     0.2005    12.0988   541.6000   479.8800   564.4000     5.2154
    98     0.2971     0.2007    11.9471   538.4000   480.3360   564.4000     5.2154
    99     0.2962     0.2119    12.0988   545.6000   482.5040   564.4000     5.2154
   100     0.2882     0.1941    12.0119   545.6000   485.0480   564.4000     5.2154
   101     0.2923     0.2179    12.5925   543.2000   479.2400   564.4000     5.2154
   102     0.2887     0.2108    12.6735   542.0000   475.4960   565.6000     5.2154
   103     0.2956     0.2002    12.6501   542.8000   477.4080   565.6000     5.2154
   104     0.2918     0.2110    13.1220   543.6000   474.7680   565.6000     5.2154
   105     0.2920     0.2160    13.3801   534.8000   470.1040   565.6000     5.2154
   106     0.2904     0.2128    12.8678   544.4000   476.4720   565.6000     5.2154
   107     0.2922     0.2107    12.2807   541.2000   477.3680   565.6000     5.2154
   108     0.2916     0.2030    12.6367   535.6000   477.1040   565.6000     5.2154
   109     0.2869     0.1960    12.7280   530.8000   467.7520   565.6000     5.2154
   110     0.2880     0.1958    12.7977   527.6000   467.7280   565.6000     5.2154
   111     0.2791     0.1821    12.3383   539.2000   469.2640   565.6000     5.2154
   112     0.2853     0.1950    12.7242   527.6000   462.6400   565.6000     5.2154
   113     0.2908     0.2071    12.0054   534.0000   468.2640   565.6000     5.2154
   114     0.2918     0.2023    11.9099   542.0000   471.1680   565.6000     5.2154
   115     0.2938     0.1899    11.9063   547.6000   476.4800   565.6000     5.2154
   116     0.2867     0.1976    12.3500   539.2000   470.7360   565.6000     5.2154
   117     0.2884     0.1952    12.7576   541.6000   466.3520   565.6000     5.2154
   118     0.2878     0.1963    12.5587   526.4000   465.3760   565.6000     5.2154
   119     0.2904     0.2069    12.9440   530.4000   465.0400   565.6000     5.2154
   120     0.2851     0.2028    12.4552   543.2000   468.7520   565.6000     5.2154
   121     0.2886     0.1882    13.0852   533.2000   464.6800   565.6000     5.2154
   122     0.2876     0.2028    13.2046   534.0000   460.4640   565.6000     5.2154
   123     0.2923     0.2046    13.2913   538.0000   458.6960   565.6000     5.2154
   124     0.2847     0.2007    13.2465   539.6000   457.5280   565.6000     5.2154
   125     0.2842     0.1896    13.1331   535.6000   458.6560   565.6000     5.2154
   126     0.2819     0.2006    13.5584   536.8000   457.4000   565.6000     5.2154
   127     0.2869     0.1952    13.5234   527.2000   457.9760   565.6000     5.2154
   128     0.2740     0.1968    13.6945   530.0000   459.3520   565.6000     5.2154
   129     0.2853     0.2059    13.6860   530.0000   456.0240   565.6000     5.2154
   130     0.2891     0.2204    13.6304   536.0000   461.3280   565.6000     5.2154
   131     0.2851     0.1901    12.8998   532.4000   465.3200   565.6000     5.2154
   132     0.2828     0.1946    12.8310   527.6000   466.7840   565.6000     5.2154
   133     0.2884     0.2143    13.2060   540.4000   465.7360   565.6000     5.2154
   134     0.2934     0.2129    12.8026   541.6000   473.0720   565.6000     5.2154
   135     0.2964     0.2042    12.8127   542.8000   470.4160   565.6000     5.2154
   136     0.2969     0.2102    12.9438   548.0000   475.4640   565.6000     5.2154
   137     0.2940     0.2102    13.0204   541.2000   475.4560   565.6000     5.2154
   138     0.2845     0.2083    12.6754   549.2000   477.3680   565.6000     5.2154
   139     0.2918     0.2077    12.7771   541.2000   476.9760   565.6000     5.2154
   140     0.2860     0.2001    12.9827   539.6000   473.6880   565.6000     5.2154
   141     0.2898     0.1961    12.7055   540.4000   473.2080   565.6000     5.2154
   142     0.2930     0.2101    13.1417   538.0000   474.1840   565.6000     5.2154
   143     0.2936     0.2092    13.0297   539.6000   474.8240   565.6000     5.2154
   144     0.2873     0.1941    12.6091   545.2000   476.6320   565.6000     5.2154
   145     0.2864     0.2036    13.1587   537.6000   472.9680   565.6000     5.2154
   146     0.2940     0.2009    12.9739   533.2000   470.3760   565.6000     5.2154
   147     0.2856     0.1992    13.4491   537.6000   468.1600   565.6000     5.2154
   148     0.2871     0.2014    13.3048   535.6000   473.6960   565.6000     5.2154
   149     0.2867     0.1918    13.4313   530.4000   467.5440   565.6000     5.2154
   150     0.2849     0.1923    13.5753   532.4000   471.0480   565.6000     5.2154
   151     0.2987     0.2021    13.9256   541.2000   465.1520   565.6000     5.2154
   152     0.2896     0.1951    13.7347   547.6000   469.7360   565.6000     5.2154
   153     0.2923     0.2046    13.4198   534.0000   462.2400   565.6000     5.2154
   154     0.2896     0.1881    12.7750   538.0000   470.0400   565.6000     5.2154
   155     0.2887     0.2060    13.2250   537.2000   464.5200   565.6000     5.2154
   156     0.2827     0.2010    13.2761   535.2000   471.6320   565.6000     5.2154
   157     0.2938     0.2128    13.3613   530.8000   463.2160   565.6000     5.2154
   158     0.2863     0.2040    13.2877   547.2000   470.1200   565.6000     5.2154
   159     0.2916     0.2064    13.1569   542.4000   471.5200   565.6000     5.2154
   160     0.2878     0.1999    12.8137   545.2000   473.3760   565.6000     5.2154
   161     0.2853     0.2060    12.5267   537.6000   472.5120   565.6000     5.2154
   162     0.2880     0.2004    12.5398   536.8000   476.6240   565.6000     5.2154
   163     0.2930     0.2048    12.4913   536.4000   473.0800   565.6000     5.2154
   164     0.2848     0.2053    12.7825   534.4000   473.5120   565.6000     5.2154
   165     0.2931     0.2118    12.7189   532.4000   475.7840   565.6000     5.2154
   166     0.2882     0.1967    12.7260   546.0000   480.5520   565.6000     5.2154
   167     0.2922     0.2140    13.0532   542.8000   472.8240   565.6000     5.2154
   168     0.2929     0.2100    12.8929   542.4000   474.5360   565.6000     5.2154
   169     0.2895     0.2077    12.2029   540.4000   477.6400   565.6000     5.2154
   170     0.2935     0.2023    12.5546   547.2000   474.3600   566.0000     5.2154
   171     0.2952     0.1990    12.1280   546.8000   477.0720   566.0000     5.2154
   172     0.2864     0.2004    12.3687   542.0000   473.0560   566.0000     5.2154
   173     0.2914     0.1894    12.2344   541.2000   470.3360   566.0000     5.2154
   174     0.2863     0.2072    12.7331   540.0000   467.1200   566.0000     5.2154
   175     0.2884     0.2019    12.2436   535.6000   471.4080   566.0000     5.2154
   176     0.2916     0.1987    11.9440   538.0000   470.2960   566.0000     5.2154
   177     0.2904     0.1955    12.1527   537.6000   470.9200   566.0000     5.2154
   178     0.2887     0.2018    12.6906   530.8000   464.0800   566.0000     5.2154
   179     0.2897     0.2002    12.4142   542.8000   465.1280   566.0000     5.2154
   180     0.2889     0.1999    12.6838   543.2000   464.9920   566.0000     5.2154
   181     0.2798     0.2016    12.3487   539.2000   470.8800   566.0000     5.2154
   182     0.2927     0.1998    12.6245   530.4000   463.1920   566.0000     5.2154
   183     0.2877     0.2013    12.7726   537.6000   465.2160   566.0000     5.2154
   184     0.2887     0.2030    12.4810   532.0000   475.4080   566.0000     5.2154
   185     0.2956     0.2135    12.5249   537.6000   476.4400   566.0000     5.2154
   186     0.2894     0.2018    12.5112   542.8000   477.9440   566.0000     5.2154
   187     0.2916     0.2009    12.4911   536.4000   472.9120   566.0000     5.2154
   188     0.2892     0.1954    12.4949   543.2000   467.0800   566.0000     5.2154
   189     0.2876     0.1972    12.5948   534.0000   465.1440   566.0000     5.2154
   190     0.2873     0.2097    12.9944   540.0000   461.2560   566.0000     5.2154
   191     0.2907     0.2058    13.0598   538.8000   461.7360   566.0000     5.2154
   192     0.2831     0.1952    12.4963   546.4000   460.6400   566.0000     5.2154
   193     0.2883     0.1968    12.7265   544.8000   462.3840   566.0000     5.2154
   194     0.2880     0.1920    12.9556   540.0000   464.8240   566.0000     5.2154
   195     0.2948     0.2028    12.7367   542.4000   465.9040   566.0000     5.2154
   196     0.2864     0.1949    12.4971   539.2000   472.5680   566.0000     5.2154
   197     0.2902     0.2112    13.1141   532.0000   466.9760   566.0000     5.2154
   198     0.2880     0.1879    12.4064   530.8000   468.9520   566.0000     5.2154
   199     0.2880     0.1993    13.2029   526.8000   464.9600   566.0000     5.2154
   200     0.2884     0.2031    13.1285   531.6000   465.8240   566.0000     5.2154
   201     0.2921     0.1985    13.0761   536.0000   465.7840   566.0000     5.2154
   202     0.2924     0.2064    13.0656   537.6000   473.5120   566.0000     5.2154
   203     0.2931     0.2006    13.3540   542.8000   471.0960   566.0000     5.2154
   204     0.2942     0.2127    13.5827   535.2000   464.7040   566.0000     5.2154
   205     0.2898     0.2003    13.2965   546.8000   471.6080   566.0000     5.2154
   206     0.2884     0.2158    13.4005   533.2000   471.7440   566.0000     5.2154
   207     0.2890     0.2114    13.1280   536.4000   473.0160   566.0000     5.2154
   208     0.2976     0.2057    13.6518   545.6000   468.7280   566.0000     5.2154
   209     0.2929     0.2063    13.3306   544.0000   473.2320   566.0000     5.2154
   210     0.2929     0.2162    13.1241   545.2000   477.9280   566.0000     5.2154
   211     0.2906     0.2047    13.0000   540.8000   473.8960   566.0000     5.2154
   212     0.2984     0.1973    13.2364   540.4000   474.9840   566.0000     5.2154
   213     0.2942     0.2115    13.5017   543.6000   475.2320   566.0000     5.2154
   214     0.2893     0.2034    13.2575   539.2000   476.3200   566.0000     5.2154
   215     0.2893     0.1974    13.1425   533.6000   475.4560   566.0000     5.2154
   216     0.2907     0.1986    13.0909   541.2000   473.5360   566.0000     5.2154
   217     0.2876     0.1990    13.4274   540.0000   472.5200   566.0000     5.2154
   218     0.2911     0.2123    13.1812   541.2000   469.0320   566.0000     5.2154
   219     0.2849     0.2033    13.3151   545.6000   473.9760   566.0000     5.2154
   220     0.2873     0.2025    13.6067   538.4000   469.9120   566.0000     5.2154
   221     0.2834     0.1944    13.6194   543.6000   469.9120   566.0000     5.2154
   222     0.2920     0.2033    13.4882   537.2000   464.7760   566.0000     5.2154
   223     0.2858     0.2046    13.8485   532.8000   465.9680   566.0000     5.2154
   224     0.2902     0.2046    13.5422   544.0000   466.1440   566.0000     5.2154
   225     0.2857     0.1955    13.3920   529.6000   465.6160   566.0000     5.2154
   226     0.2900     0.2075    13.6233   528.8000   458.8240   566.0000     5.2154
   227     0.2891     0.1976    13.5843   532.0000   463.4080   566.0000     5.2154
   228     0.2923     0.2134    13.7076   535.6000   464.7440   566.0000     5.2154
   229     0.2853     0.2063    12.8851   540.0000   479.6240   566.0000     5.2154
   230     0.2882     0.1993    12.9489   528.0000   471.1040   566.0000     5.2154
   231     0.2889     0.2061    13.3162   530.8000   470.4320   566.0000     5.2154
   232     0.2922     0.2059    13.1220   540.4000   481.3760   566.0000     5.2154
   233     0.2942     0.2051    13.0898   537.6000   482.3760   566.0000     5.2154
   234     0.2864     0.2026    13.0981   540.8000   476.9120   566.0000     5.2154
   235     0.2971     0.2168    13.0111   540.4000   479.5600   566.0000     5.2154
   236     0.2916     0.2063    12.9491   539.2000   481.8320   566.0000     5.2154
   237     0.2913     0.2076    13.4604   540.4000   473.1120   566.0000     5.2154
   238     0.2930     0.2104    12.9976   541.6000   477.0400   566.0000     5.2154
   239     0.2929     0.1962    12.5329   539.6000   477.8400   566.0000     5.2154
   240     0.2867     0.1928    13.0500   540.0000   474.4400   566.0000     5.2154
   241     0.2902     0.1988    13.5690   534.0000   468.3840   566.0000     5.2154
   242     0.2940     0.2010    13.1549   536.8000   470.6080   566.0000     5.2154
   243     0.2998     0.2095    13.5321   540.0000   470.5920   566.0000     5.2154
   244     0.2923     0.1948    13.1562   542.4000   479.0880   566.0000     5.2154
   245     0.2980     0.2138    12.9210   542.4000   475.0800   566.0000     5.2154
   246     0.2884     0.2037    13.0411   543.6000   478.8880   566.0000     5.2154
   247     0.2887     0.1908    12.5848   542.4000   478.6560   566.0000     5.2154
   248     0.2880     0.2115    13.3641   537.2000   469.2560   566.0000     5.2154
   249     0.2922     0.1902    12.9897   534.0000   470.3520   566.4000     5.2154
   250     0.2891     0.1880    13.1079   542.0000   467.7280   566.4000     5.2154
   251     0.2859     0.1938    13.1375   533.6000   468.7760   566.4000     5.2154
   252     0.2929     0.2023    13.2469   537.6000   468.4880   566.4000     5.2154
   253     0.2936     0.1987    12.8537   536.8000   476.6000   566.4000     5.2154
   254     0.2913     0.2033    12.5729   549.2000   472.2160   566.4000     5.2154
   255     0.2944     0.2157    12.4821   544.4000   475.8640   566.4000     5.2154
   256     0.2884     0.2195    12.8323   540.0000   474.8640   566.4000     5.2154
   257     0.2893     0.2022    12.4611   541.6000   480.4640   566.4000     5.2154
   258     0.2900     0.2024    12.9507   540.0000   478.9840   566.4000     5.2154
   259     0.2964     0.2137    12.8762   538.0000   476.5680   566.4000     5.2154
   260     0.2937     0.2084    12.8289   544.8000   479.8320   566.4000     5.2154
   261     0.2844     0.2096    12.4640   541.6000   483.9680   566.4000     5.2154
   262     0.2924     0.1992    12.4060   536.0000   477.5440   566.4000     5.2154
   263     0.2864     0.2152    12.5260   532.8000   476.1920   566.4000     5.2154
   264     0.2882     0.1998    11.6591   533.6000   479.7600   566.4000     5.2154
   265     0.2936     0.2009    11.7685   536.0000   479.2800   566.4000     5.2154
   266     0.2979     0.2070    12.1677   545.2000   479.4960   566.4000     5.2154
   267     0.2917     0.1925    11.8971   541.2000   485.1840   566.4000     5.2154
   268     0.2882     0.2153    12.3202   535.6000   476.1840   566.4000     5.2154
   269     0.2882     0.1996    12.0771   544.0000   478.0960   566.4000     5.2154
   270     0.2880     0.1996    12.1873   543.6000   475.7360   566.4000     5.2154
   271     0.2867     0.1962    12.5223   531.2000   469.8000   566.4000     5.2154
   272     0.2859     0.1979    12.6772   540.0000   469.3120   566.4000     5.2154
   273     0.2858     0.1929    12.4121   525.6000   462.3200   566.4000     5.2154
   274     0.2853     0.2042    13.0544   543.6000   459.7600   566.4000     5.2154
   275     0.2862     0.2017    12.8950   535.6000   462.8640   566.4000     5.2154
   276     0.2876     0.2012    12.6142   539.2000   465.1520   566.4000     5.2154
   277     0.2851     0.1962    12.6684   542.4000   467.1520   566.4000     5.2154
   278     0.2893     0.2025    13.3974   533.2000   466.4880   566.4000     5.2154
   279     0.2816     0.1989    13.3687   531.6000   468.3280   566.4000     5.2154
   280     0.2813     0.2102    13.6380   523.2000   460.8560   566.4000     5.2154
   281     0.2891     0.1993    13.0493   530.8000   465.2240   566.4000     5.2154
   282     0.2964     0.2043    13.0250   540.4000   470.1600   566.4000     5.2154
   283     0.2882     0.2000    13.4772   540.8000   468.4960   566.4000     5.2154
   284     0.2911     0.1850    12.9571   538.4000   471.2160   566.4000     5.2154
   285     0.2893     0.2114    13.5781   534.4000   466.0160   566.4000     5.2154
   286     0.2918     0.2161    13.3176   534.0000   469.5520   566.4000     5.2154
   287     0.2904     0.1936    12.6549   548.4000   479.5600   566.4000     5.2154
   288     0.2918     0.2012    13.2033   545.2000   473.0240   566.4000     5.2154
   289     0.2951     0.2042    12.8101   542.0000   471.0080   566.4000     5.2154
   290     0.2895     0.2158    13.1202   538.0000   469.7360   566.4000     5.2154
   291     0.2910     0.2190    12.6882   538.0000   475.7680   566.4000     5.2154
   292     0.2920     0.2043    12.5376   540.0000   479.9600   566.4000     5.2154
   293     0.2913     0.2042    12.3780   541.2000   480.9040   566.4000     5.2154
   294     0.2946     0.1898    12.9420   541.6000   475.1200   566.4000     5.2154
   295     0.2943     0.2098    12.7357   540.0000   478.0800   566.4000     5.2154
   296     0.2884     0.2133    12.3572   537.2000   478.4960   566.4000     5.2154
   297     0.2904     0.2100    12.0633   532.0000   472.8000   566.4000     5.2154
   298     0.2902     0.2072    11.7819   540.8000   482.1280   566.4000     5.2154
   299     0.2876     0.2047    11.3665   548.0000   478.8000   566.4000     5.2154
   300     0.2979     0.2093    11.5618   540.8000   475.9520   566.4000     5.2154
   301     0.2938     0.2004    11.4756   549.2000   479.9200   566.4000     5.2154
   302     0.2840     0.1980    11.8140   549.6000   472.6640   566.4000     5.2154
   303     0.2904     0.1791    11.9461   536.8000   473.0080   566.4000     5.2154
   304     0.2983     0.2007    12.1016   545.2000   474.6880   566.4000     5.2154
   305     0.2953     0.1967    12.3208   546.0000   473.7200   566.4000     5.2154
   306     0.2931     0.2071    12.5562   544.8000   477.1920   566.4000     5.2154
   307     0.2967     0.2091    12.7277   547.2000   475.9600   566.4000     5.2154
   308     0.2877     0.2011    12.5984   546.0000   474.6480   566.4000     5.2154
   309     0.2869     0.1892    12.5649   539.2000   474.9440   566.4000     5.2154
   310     0.2962     0.2017    12.8317   543.6000   469.0720   566.4000     5.2154
   311     0.2900     0.2020    12.4153   546.8000   474.0640   566.4000     5.2154
   312     0.2912     0.1935    12.3753   533.2000   474.5360   566.4000     5.2154
   313     0.2862     0.2031    12.5833   535.2000   468.3280   566.4000     5.2154
   314     0.2844     0.1911    12.7747   539.2000   468.1040   566.4000     5.2154
   315     0.2913     0.2046    12.8859   538.0000   469.0080   566.4000     5.2154
   316     0.2916     0.2113    12.8807   537.2000   467.8400   566.4000     5.2154
   317     0.2942     0.2129    12.4867   540.4000   475.7520   566.4000     5.2154
   318     0.2907     0.2047    12.3058   542.0000   479.9280   566.4000     5.2154
   319     0.2870     0.2117    13.2309   540.0000   476.8560   566.4000     5.2154
   320     0.2971     0.1982    12.6024   545.2000   476.6880   566.4000     5.2154
   321     0.2916     0.2090    12.9055   545.2000   476.7200   566.4000     5.2154
   322     0.2918     0.2072    12.9208   535.6000   471.7120   566.4000     5.2154
   323     0.2920     0.1988    12.7179   534.8000   471.7520   566.4000     5.2154
   324     0.2936     0.1968    12.7807   535.6000   473.2960   566.4000     5.2154
   325     0.2911     0.2048    12.5995   536.8000   474.6560   566.4000     5.2154
   326     0.2842     0.1922    12.5500   534.4000   474.1360   566.4000     5.2154
   327     0.2939     0.2086    12.4761   538.8000   472.9440   566.4000     5.2154
   328     0.2918     0.1969    12.6278   542.8000   476.5680   566.4000     5.2154
   329     0.2889     0.2170    12.6571   535.2000   471.9440   566.4000     5.2154
   330     0.2902     0.2065    12.2266   539.2000   482.0000   566.4000     5.2154
   331     0.2969     0.2129    12.4963   540.0000   475.4720   566.4000     5.2154
   332     0.2894     0.1923    12.5247   544.8000   480.5760   566.4000     5.2154
   333     0.2856     0.1927    12.2749   548.4000   480.9600   566.4000     5.2154
   334     0.2942     0.1987    12.4385   541.2000   476.8000   566.4000     5.2154
   335     0.2956     0.2060    12.3847   543.2000   474.2400   566.4000     5.2154
   336     0.2924     0.2049    12.4478   542.8000   476.5040   566.4000     5.2154
   337     0.2911     0.1980    12.6571   544.4000   476.9680   566.4000     5.2154
   338     0.2916     0.2037    12.7899   537.6000   474.3200   566.4000     5.2154
   339     0.2929     0.2003    12.8008   546.4000   474.5200   566.4000     5.2154
   340     0.2962     0.2247    13.2106   542.4000   476.0560   566.4000     5.2154
   341     0.2936     0.2147    13.0862   544.4000   478.0080   566.4000     5.2154
   342     0.2904     0.1939    12.5835   538.4000   481.3920   566.4000     5.2154
   343     0.2860     0.2112    13.1029   543.2000   471.2240   566.4000     5.2154
   344     0.2913     0.1953    12.4578   540.4000   477.8080   566.4000     5.2154
   345     0.2891     0.2090    13.1556   541.2000   474.5760   566.4000     5.2154
   346     0.2887     0.2084    13.1855   537.2000   473.2560   566.4000     5.2154
   347     0.2851     0.2106    12.9484   532.8000   474.9200   566.4000     5.2154
   348     0.2928     0.2079    12.9576   541.2000   472.5520   566.4000     5.2154
   349     0.2891     0.1920    13.3791   537.2000   470.3440   566.4000     5.2154
   350     0.2937     0.2070    12.8379   541.2000   468.1120   566.4000     5.2154
   351     0.2929     0.2040    12.8643   538.8000   468.0480   566.4000     5.2154
   352     0.2873     0.1940    12.7213   546.4000   467.0560   566.4000     5.2154
   353     0.2913     0.2025    12.6627   534.8000   469.0160   566.4000     5.2154
   354     0.2890     0.2070    12.6421   540.4000   472.2480   566.4000     5.2154
   355     0.2940     0.2024    12.5739   539.2000   475.9440   566.4000     5.2154
   356     0.2908     0.2066    12.8220   537.6000   475.5280   566.4000     5.2154
   357     0.2969     0.1982    12.5213   538.4000   474.3280   566.4000     5.2154
   358     0.2888     0.2045    12.8139   539.6000   472.8400   566.4000     5.2154
   359     0.2893     0.2084    12.5420   536.4000   471.5840   566.4000     5.2154
   360     0.2879     0.1983    12.0792   536.4000   480.5200   566.4000     5.2154
   361     0.2918     0.1948    12.0387   544.4000   481.0960   566.4000     5.2154
   362     0.2970     0.2028    11.8407   538.4000   484.1120   566.4000     5.2154
   363     0.2954     0.1903    11.6521   545.2000   486.3600   566.4000     5.2154
   364     0.2931     0.2021    12.1061   546.0000   483.5360   566.4000     5.2154
   365     0.2920     0.2035    12.4447   550.0000   479.7760   566.4000     5.2154
   366     0.2955     0.2006    12.0255   544.4000   478.9920   566.4000     5.2154
   367     0.2916     0.2032    12.3117   541.6000   479.8960   566.4000     5.2154
   368     0.2949     0.2028    12.3724   546.8000   477.0800   566.4000     5.2154
   369     0.2982     0.2112    12.3762   544.8000   478.6400   566.4000     5.2154
   370     0.2870     0.2131    12.5740   544.4000   475.9360   566.4000     5.2154
   371     0.2886     0.2035    12.3071   541.6000   479.4640   566.4000     5.2154
   372     0.2909     0.2129    12.4340   537.6000   478.6880   566.4000     5.2154
   373     0.2967     0.2159    12.4320   543.2000   475.5360   566.4000     5.2154
   374     0.2918     0.2011    12.3902   548.4000   477.7280   566.4000     5.2154
   375     0.2956     0.2044    11.9966   548.0000   484.2320   566.4000     5.2154
   376     0.2918     0.1995    12.4735   546.4000   478.7840   566.4000     5.2154
   377     0.2904     0.2162    12.6792   553.6000   479.8880   566.4000     5.2154
   378     0.2960     0.2205    12.4310   542.8000   481.3760   566.4000     5.2154
   379     0.2870     0.2062    12.1185   542.8000   481.8560   566.4000     5.2154
   380     0.2924     0.2187    12.6310   535.6000   477.4960   566.4000     5.2154
   381     0.2956     0.2079    12.4957   546.8000   480.2880   566.4000     5.2154
   382     0.2938     0.2094    12.2447   553.6000   478.0720   566.4000     5.2154
   383     0.2998     0.2070    12.0653   544.8000   479.6800   566.4000     5.2154
   384     0.2882     0.1965    11.9829   550.0000   480.7600   566.4000     5.2154
   385     0.2905     0.2148    12.6093   544.8000   474.3840   566.4000     5.2154
   386     0.2942     0.2087    12.1383   544.0000   483.2560   566.4000     5.2154
   387     0.2901     0.1944    11.9638   542.8000   486.8960   566.4000     5.2154
   388     0.2944     0.2048    12.1502   549.6000   482.2400   566.4000     5.2154
   389     0.2983     0.2088    12.1267   551.6000   487.6800   566.4000     5.2154
   390     0.2956     0.1901    12.1837   552.0000   490.3440   566.4000     5.2154
   391     0.2978     0.2185    12.3913   544.8000   480.4880   566.4000     5.2154
   392     0.2981     0.2115    12.4491   551.6000   484.7440   566.4000     5.2154
   393     0.3024     0.2149    12.7215   548.0000   486.1680   566.4000     5.2154
   394     0.3000     0.1977    12.6829   552.0000   483.8320   566.4000     5.2154
   395     0.2948     0.2173    12.9680   550.4000   481.6560   566.4000     5.2154
   396     0.2908     0.2114    12.5411   549.2000   481.7760   566.4000     5.2154
   397     0.2964     0.1932    12.4522   543.2000   480.0800   566.4000     5.2154
   398     0.2958     0.2063    12.7291   546.0000   476.9280   566.4000     5.2154
   399     0.2952     0.2048    12.8860   546.4000   477.9920   566.4000     5.2154
   400     0.2875     0.2059    12.7740   544.4000   483.5280   566.4000     5.2154
   401     0.2957     0.1935    12.6803   540.0000   478.9040   566.4000     5.2154
   402     0.2930     0.2116    12.7940   540.0000   476.9040   566.4000     5.2154
   403     0.2902     0.2088    12.9193   539.2000   473.2720   566.4000     5.2154
   404     0.2919     0.2069    12.6429   544.4000   478.2880   567.2000     5.2154
   405     0.2909     0.1908    11.8470   542.0000   483.6240   567.2000     5.2154
   406     0.2919     0.2111    12.1291   538.0000   481.7360   567.2000     5.2154
   407     0.2980     0.2078    11.6660   544.8000   484.3040   567.2000     5.2154
   408     0.2989     0.2157    12.2062   546.0000   484.8720   567.2000     5.2154
   409     0.2901     0.2012    12.5567   546.0000   484.1760   567.2000     5.2154
   410     0.2953     0.2074    12.4163   546.4000   483.2480   567.2000     5.2154
   411     0.2917     0.2008    12.5229   543.6000   483.8640   567.2000     5.2154
   412     0.2889     0.2027    12.9051   544.8000   482.3040   567.2000     5.2154
   413     0.2882     0.1987    12.9858   535.2000   475.4880   567.2000     5.2154
   414     0.2938     0.2155    13.5195   546.8000   475.9120   567.2000     5.2154
   415     0.2969     0.2102    13.1946   545.2000   480.2960   567.2000     5.2154
   416     0.2871     0.2114    13.0622   546.4000   478.4320   567.2000     5.2154
   417     0.2927     0.2109    13.4178   540.8000   476.8640   567.2000     5.2154
   418     0.2881     0.1963    12.8973   539.6000   471.2640   567.2000     5.2154
   419     0.2821     0.1999    13.3873   530.8000   466.6160   567.2000     5.2154
   420     0.2927     0.2135    13.2438   532.4000   466.4800   567.2000     5.2154
   421     0.2870     0.2023    13.0402   531.6000   472.9360   567.2000     5.2154
   422     0.2949     0.2118    13.0901   537.6000   468.0720   567.2000     5.2154
   423     0.2922     0.2064    12.9925   542.4000   472.1680   567.2000     5.2154
   424     0.2893     0.2018    12.7355   542.4000   478.2000   567.2000     5.2154
   425     0.2939     0.1980    12.5035   546.8000   479.8880   567.2000     5.2154
   426     0.2882     0.2053    12.5135   537.2000   473.8160   567.2000     5.2154
   427     0.2863     0.2110    12.4913   536.4000   475.4320   567.2000     5.2154
   428     0.2898     0.1999    12.9340   530.0000   474.3280   567.2000     5.2154
   429     0.2933     0.1896    12.4251   531.6000   472.8320   567.2000     5.2154
   430     0.2916     0.2031    13.0165   537.2000   469.5520   567.2000     5.2154
   431     0.2893     0.2075    13.0085   534.4000   466.0240   567.2000     5.2154
   432     0.2924     0.2111    13.2469   536.0000   466.3120   567.2000     5.2154
   433     0.2900     0.2087    12.7971   545.2000   473.2160   567.2000     5.2154
   434     0.2960     0.1994    13.0891   545.2000   474.1360   567.2000     5.2154
   435     0.2911     0.2153    13.1933   542.0000   475.3520   567.2000     5.2154
   436     0.2936     0.2076    13.3833   531.2000   475.0640   567.2000     5.2154
   437     0.2879     0.2054    13.2198   536.8000   471.0160   567.6000     5.2154
   438     0.2927     0.2088    12.9864   535.2000   475.6800   567.6000     5.2154
   439     0.2896     0.2020    12.8173   540.8000   478.3680   567.6000     5.2154
   440     0.2948     0.2053    12.4826   546.4000   480.8480   567.6000     5.2154
   441     0.2944     0.2035    12.4204   548.8000   481.2560   567.6000     5.2154
   442     0.2982     0.2146    12.4229   544.4000   482.5760   567.6000     5.2154
   443     0.2964     0.2119    12.4715   549.2000   483.3280   567.6000     5.2154
   444     0.2962     0.2100    12.3593   545.6000   485.3200   567.6000     5.2154
   445     0.3018     0.2185    12.4411   556.4000   485.6480   568.0000     5.2154
   446     0.2940     0.2030    12.2336   549.6000   485.8960   568.0000     5.2154
   447     0.2949     0.2260    12.6904   549.2000   486.4880   568.0000     5.2154
   448     0.2904     0.1950    11.8240   546.8000   488.9280   568.0000     5.2154
   449     0.2947     0.2118    12.3447   542.8000   480.2160   568.0000     5.2154
   450     0.2967     0.2130    12.0916   552.8000   490.7440   568.0000     5.2154
   451     0.2891     0.2008    11.8875   547.6000   489.0480   568.0000     5.2154
   452     0.2924     0.2072    12.2611   547.6000   485.0320   568.0000     5.2154
   453     0.2918     0.2016    12.6137   551.6000   485.1280   568.0000     5.2154
   454     0.2919     0.1888    12.6593   544.4000   483.4560   568.0000     5.2154
   455     0.2911     0.2087    12.8452   547.2000   479.6880   568.0000     5.2154
   456     0.2933     0.2105    12.6209   538.0000   478.8400   568.0000     5.2154
   457     0.2918     0.2169    13.2393   543.6000   474.1520   568.0000     5.2154
   458     0.2881     0.2025    12.7074   544.4000   480.3280   568.0000     5.2154
   459     0.2946     0.2046    12.3856   544.0000   484.4800   568.0000     5.2154
   460     0.2980     0.2239    12.6340   544.4000   481.7840   568.0000     5.2154
   461     0.2930     0.1986    11.9946   544.0000   486.5520   568.0000     5.2154
   462     0.2922     0.2011    12.3362   547.6000   482.3760   568.0000     5.2154
   463     0.2967     0.2166    12.7332   544.4000   483.5600   568.0000     5.2154
   464     0.2836     0.1937    12.7597   543.2000   486.7120   568.0000     5.2154
   465     0.2896     0.1951    12.8276   542.8000   479.1760   568.0000     5.2154
   466     0.2943     0.2127    13.5912   536.8000   466.2880   568.0000     5.2154
   467     0.2913     0.1923    12.6407   545.6000   474.1120   568.0000     5.2154
   468     0.2876     0.2032    12.9102   540.8000   469.6720   568.0000     5.2154
   469     0.2882     0.2099    12.8495   534.0000   472.2640   568.0000     5.2154
   470     0.2927     0.2072    12.5638   538.0000   476.1360   568.0000     5.2154
   471     0.2920     0.2137    12.3174   537.2000   475.1520   568.0000     5.2154
   472     0.2961     0.2162    12.3624   542.8000   477.2960   568.0000     5.2154
   473     0.2966     0.2101    12.2851   544.8000   481.3600   568.0000     5.2154
   474     0.3007     0.2130    12.1319   551.6000   486.1120   568.0000     5.2154
   475     0.2869     0.2005    12.2601   552.0000   486.1360   568.0000     5.2154
   476     0.2889     0.2110    12.6571   538.0000   476.2640   568.0000     5.2154
   477     0.2912     0.2075    13.0704   536.0000   472.1600   568.0000     5.2154
   478     0.2980     0.2022    12.7016   538.8000   472.1200   568.0000     5.2154
   479     0.2904     0.2011    12.4583   542.0000   475.9120   568.0000     5.2154
   480     0.2924     0.2010    12.4015   535.2000   477.7200   568.0000     5.2154
   481     0.2931     0.1990    12.2694   540.4000   483.8880   568.0000     5.2154
   482     0.2949     0.2051    12.3690   544.0000   476.2880   568.0000     5.2154
   483     0.2911     0.2066    12.6000   540.8000   477.8160   568.0000     5.2154
   484     0.2950     0.2025    12.8346   544.4000   479.7120   568.0000     5.2154
   485     0.2941     0.2010    12.1928   549.6000   481.5120   568.0000     5.2154
   486     0.2927     0.1961    12.9923   541.6000   476.7040   568.0000     5.2154
   487     0.2889     0.2032    13.0944   542.0000   473.1600   568.0000     5.2154
   488     0.2900     0.2034    12.9509   534.0000   477.8880   568.0000     5.2154
   489     0.2953     0.2115    12.7285   536.4000   480.4480   568.0000     5.2154
   490     0.2933     0.2094    12.9600   542.4000   482.7040   568.0000     5.2154
   491     0.2893     0.2057    12.9061   538.4000   482.6080   568.0000     5.2154
   492     0.2885     0.1913    12.5667   547.2000   483.0160   568.0000     5.2154
   493     0.2913     0.2053    12.8132   542.0000   474.3920   568.0000     5.2154
   494     0.2898     0.1966    12.5853   540.8000   478.9680   568.0000     5.2154
   495     0.2861     0.2008    12.9700   541.2000   476.4880   568.4000     5.2154
   496     0.2898     0.2084    13.2932   548.4000   476.2160   568.4000     5.2154
   497     0.2896     0.1927    12.7874   540.8000   480.5040   568.4000     5.2154
   498     0.2930     0.2124    12.5762   540.4000   480.0560   568.4000     5.2154
   499     0.2942     0.2101    12.5863   540.4000   483.4800   568.4000     5.2154
   500     0.2949     0.2079    12.3621   546.0000   483.3920   568.4000     5.2154
   501     0.2951     0.2021    12.1714   543.2000   486.5760   568.4000     5.2154
   502     0.2990     0.2110    12.3202   542.8000   485.6400   568.4000     5.2154
   503     0.2962     0.2140    12.8219   546.8000   479.5520   568.4000     5.2154
   504     0.2878     0.2034    13.3171   544.0000   476.9360   568.4000     5.2154
   505     0.2944     0.2133    13.2498   542.0000   472.9520   568.4000     5.2154
   506     0.2967     0.2090    12.8421   539.6000   474.2560   568.4000     5.2154
   507     0.2931     0.2079    13.2243   543.2000   474.2960   568.4000     5.2154
   508     0.2882     0.2066    12.6015   542.0000   480.0800   568.4000     5.2154
   509     0.2942     0.1997    12.6470   536.0000   480.1360   568.4000     5.2154
   510     0.2947     0.2078    12.8041   544.4000   478.8560   568.4000     5.2154
   511     0.2892     0.2057    12.6057   537.2000   482.4160   568.4000     5.2154
   512     0.3017     0.2104    12.7156   545.2000   478.5680   568.4000     5.2154
   513     0.2942     0.2082    12.8433   550.4000   479.2240   568.4000     5.2154
   514     0.2897     0.1948    12.6839   538.4000   477.8480   568.4000     5.2154
   515     0.2906     0.2000    12.3162   548.0000   482.2000   568.4000     5.2154
   516     0.2861     0.1858    12.2144   538.4000   479.7840   568.4000     5.2154
   517     0.2896     0.2011    12.1780   538.0000   476.4000   568.4000     5.2154
   518     0.2938     0.2048    12.0924   538.0000   474.8640   568.4000     5.2154
   519     0.2842     0.2036    12.1732   535.6000   472.5200   568.4000     5.2154
   520     0.2913     0.2052    11.8821   528.8000   470.1440   568.4000     5.2154
   521     0.2909     0.2100    11.9832   540.8000   475.1120   568.4000     5.2154
   522     0.2937     0.2026    12.0774   546.0000   478.1760   568.4000     5.2154
   523     0.2857     0.2073    12.1383   542.4000   474.4560   568.4000     5.2154
   524     0.2890     0.1918    12.0999   542.0000   477.9520   568.4000     5.2154
   525     0.2908     0.1965    12.3656   537.2000   471.2560   568.4000     5.2154
   526     0.2933     0.2073    12.7033   540.0000   468.4320   568.4000     5.2154
   527     0.2902     0.1992    12.9029   542.0000   472.8320   568.4000     5.2154
   528     0.2918     0.2062    12.5398   537.6000   473.3280   568.4000     5.2154
   529     0.2940     0.2047    12.8583   536.4000   473.8480   568.4000     5.2154
   530     0.2946     0.2114    13.3277   539.2000   471.6640   568.4000     5.2154
   531     0.2956     0.1987    12.9773   537.2000   474.2400   568.4000     5.2154
   532     0.2882     0.2073    13.1499   535.6000   474.1520   568.4000     5.2154
   533     0.2860     0.1937    13.0393   538.8000   473.6000   568.4000     5.2154
   534     0.2903     0.2002    13.2562   532.0000   467.3920   568.4000     5.2154
   535     0.2887     0.1957    12.8798   531.6000   473.1120   568.4000     5.2154
   536     0.2876     0.1828    12.7848   531.6000   473.8480   568.4000     5.2154
   537     0.2929     0.1990    12.8266   540.8000   476.3440   568.4000     5.2154
   538     0.2920     0.2211    12.9827   537.6000   476.1520   568.4000     5.2154
   539     0.2889     0.2056    12.5584   540.4000   476.3680   568.4000     5.2154
   540     0.2909     0.2080    13.0624   546.8000   472.7600   568.4000     5.2154
   541     0.2950     0.2103    13.7025   538.8000   467.9520   568.4000     5.2154
   542     0.2920     0.2045    13.9360   540.0000   468.0800   568.4000     5.2154
   543     0.2871     0.2121    13.5128   537.6000   466.3680   568.4000     5.2154
   544     0.2844     0.2069    13.1626   542.0000   472.2960   568.4000     5.2154
   545     0.2929     0.2028    13.3313   535.6000   467.7600   568.4000     5.2154
   546     0.2818     0.1982    13.2772   539.6000   469.9440   568.4000     5.2154
   547     0.2880     0.1999    13.8674   534.0000   463.4560   568.4000     5.2154
   548     0.2889     0.1993    13.5925   531.6000   463.6800   568.4000     5.2154
   549     0.2864     0.2042    13.6838   533.6000   465.6560   568.4000     5.2154
   550     0.2931     0.2102    13.1525   540.0000   472.8720   568.4000     5.2154
   551     0.2895     0.2040    12.9283   542.4000   473.6000   568.4000     5.2154
   552     0.2838     0.1965    12.0926   544.0000   478.0560   568.4000     5.2154
   553     0.2860     0.1935    12.1948   537.6000   474.2480   568.4000     5.2154
   554     0.2939     0.2036    12.2578   541.6000   472.7760   568.4000     5.2154
   555     0.2938     0.2006    12.2650   540.8000   471.2560   568.4000     5.2154
   556     0.2880     0.2015    12.1071   544.0000   476.1120   568.4000     5.2154
   557     0.2951     0.2021    11.6498   536.0000   480.4240   568.4000     5.2154
   558     0.2940     0.2055    11.4847   548.8000   485.9200   568.4000     5.2154
   559     0.2940     0.2010    11.3776   547.2000   484.4480   568.4000     5.2154
   560     0.2936     0.2020    11.6901   549.6000   483.4240   568.4000     5.2154
   561     0.2922     0.1920    11.9938   543.2000   477.7920   568.4000     5.2154
   562     0.2922     0.1994    12.3118   541.2000   477.6320   568.4000     5.2154
   563     0.2911     0.1947    11.9589   539.6000   477.2800   568.4000     5.2154
   564     0.2996     0.2031    12.3047   542.0000   474.1280   568.4000     5.2154
   565     0.2991     0.2056    12.4395   542.0000   469.2000   568.4000     5.2154
   566     0.2893     0.2072    11.9695   545.2000   475.7360   568.4000     5.2154
   567     0.2976     0.2018    12.0865   544.0000   475.0880   568.4000     5.2154
   568     0.2824     0.1823    11.9138   542.0000   479.9520   568.4000     5.2154
   569     0.2960     0.2041    12.0459   542.4000   476.1840   568.4000     5.2154
   570     0.2848     0.1962    11.8493   548.4000   478.9840   568.4000     5.2154
   571     0.2928     0.2084    11.8064   545.2000   478.7680   568.4000     5.2154
   572     0.2880     0.2024    11.8854   541.2000   484.0640   568.4000     5.2154
   573     0.2924     0.2046    12.3616   532.4000   476.4560   568.4000     5.2154
   574     0.2902     0.2086    12.7045   533.6000   473.8640   568.4000     5.2154
   575     0.2942     0.2041    12.3593   538.4000   477.2240   568.4000     5.2154
   576     0.2980     0.2031    12.2700   542.0000   481.0240   568.4000     5.2154
   577     0.3040     0.2058    12.2439   549.6000   483.4560   568.4000     5.2154
   578     0.2951     0.1991    12.2413   551.2000   486.3200   568.4000     5.2154
   579     0.2971     0.2173    12.6106   544.8000   479.6320   568.4000     5.2154
   580     0.2970     0.2049    12.3562   542.4000   483.7120   568.4000     5.2154
   581     0.3007     0.2206    12.5442   547.2000   479.0000   568.4000     5.2154
   582     0.2949     0.2123    12.3989   548.0000   484.8560   568.4000     5.2154
   583     0.2956     0.2030    12.3576   546.8000   482.7680   568.4000     5.2154
   584     0.2958     0.2052    12.3889   542.8000   485.1200   568.4000     5.2154
   585     0.2940     0.2000    12.3455   549.2000   483.2960   568.4000     5.2154
   586     0.2967     0.2006    12.6167   546.0000   476.7920   568.4000     5.2154
   587     0.2931     0.2086    12.5011   546.4000   481.4960   568.4000     5.2154
   588     0.2867     0.2022    12.1995   535.2000   482.1280   568.4000     5.2154
   589     0.2962     0.2065    12.3303   545.2000   482.1680   568.4000     5.2154
   590     0.2987     0.2174    12.2225   540.4000   486.2160   568.4000     5.2154
   591     0.2929     0.2097    12.2584   545.6000   491.6560   568.4000     5.2154
   592     0.3002     0.2126    12.6331   550.4000   483.5520   568.4000     5.2154
   593     0.3031     0.2246    12.6687   555.2000   483.8880   568.4000     5.2154
   594     0.2953     0.2028    12.5324   551.6000   487.3520   568.4000     5.2154
   595     0.3011     0.2129    12.6044   549.6000   487.3120   568.4000     5.2154
   596     0.2941     0.2000    12.9558   543.6000   481.4880   568.4000     5.2154
   597     0.2949     0.1923    12.9291   541.6000   479.1120   568.4000     5.2154
   598     0.2889     0.2136    13.0965   551.2000   478.3360   568.4000     5.2154
   599     0.2947     0.2114    12.9675   534.8000   474.4160   568.4000     5.2154
   600     0.2982     0.2096    12.4018   554.4000   482.3600   568.4000     5.2154
   601     0.2930     0.2128    12.2671   541.6000   480.3040   568.4000     5.2154
   602     0.2992     0.2108    12.4596   548.8000   481.8800   568.4000     5.2154
   603     0.2971     0.2172    12.7486   549.6000   480.9840   568.4000     5.2154
   604     0.2930     0.2136    12.5848   551.6000   478.8160   568.4000     5.2154
   605     0.2880     0.2092    12.1211   548.8000   482.4960   568.4000     5.2154
   606     0.2829     0.2013    12.4214   541.2000   473.6080   568.4000     5.2154
   607     0.2954     0.2105    12.3110   537.6000   467.5440   568.4000     5.2154
   608     0.2924     0.2020    11.6101   545.2000   472.7200   568.4000     5.2154
   609     0.2900     0.1970    11.5669   544.8000   475.9440   568.4000     5.2154
   610     0.2846     0.1780    11.7871   545.2000   474.2080   568.4000     5.2154
   611     0.2864     0.1948    12.0521   536.4000   468.5520   568.4000     5.2154
   612     0.2876     0.2024    11.8558   538.8000   472.0720   568.4000     5.2154
   613     0.2940     0.1864    11.9869   540.8000   472.7040   568.4000     5.2154
   614     0.2922     0.1846    11.6743   546.4000   474.1200   568.4000     5.2154
   615     0.2916     0.2101    12.3401   534.8000   469.6400   568.4000     5.2154
   616     0.2903     0.1836    12.1037   536.4000   473.6720   568.4000     5.2154
   617     0.2878     0.2077    12.4160   533.6000   472.7040   568.4000     5.2154
   618     0.2916     0.2124    12.3311   536.0000   470.7680   568.4000     5.2154
   619     0.2913     0.2031    11.6674   546.4000   482.5200   568.4000     5.2154
   620     0.2971     0.2066    11.5998   544.8000   483.5600   568.4000     5.2154
   621     0.2944     0.1996    12.0584   538.4000   480.0960   568.4000     5.2154
   622     0.2899     0.2118    12.3304   541.6000   477.3600   568.4000     5.2154
   623     0.2927     0.2012    12.3104   539.6000   476.1680   568.4000     5.2154
   624     0.2936     0.2004    12.1770   549.2000   480.6880   568.4000     5.2154
   625     0.2944     0.2065    12.1497   542.4000   478.8720   568.4000     5.2154
   626     0.2896     0.2079    12.0700   541.6000   483.4320   568.4000     5.2154
   627     0.2971     0.2122    12.4820   544.8000   482.8960   568.4000     5.2154
   628     0.3009     0.2061    12.3127   547.2000   481.5600   568.4000     5.2154
   629     0.2938     0.2077    12.1773   550.8000   485.0560   568.4000     5.2154
   630     0.2978     0.2065    12.2914   540.0000   485.7840   568.4000     5.2154
   631     0.2916     0.1965    12.5985   540.8000   480.5760   568.4000     5.2154
   632     0.2940     0.2047    12.7001   540.0000   478.4480   568.4000     5.2154
   633     0.2934     0.2057    12.6253   540.0000   480.1280   568.4000     5.2154
   634     0.2907     0.2168    12.8767   543.2000   481.9520   568.4000     5.2154
   635     0.2900     0.1956    12.9104   535.2000   476.5120   568.4000     5.2154
   636     0.2982     0.2037    13.0552   542.8000   477.5120   568.4000     5.2154
   637     0.2816     0.1983    13.3149   544.8000   471.6160   568.4000     5.2154
   638     0.2967     0.2057    13.1298   543.6000   470.1920   568.4000     5.2154
   639     0.2973     0.2191    13.2049   544.0000   476.0160   568.4000     5.2154
   640     0.2898     0.2109    12.6269   546.8000   482.8960   568.4000     5.2154
   641     0.2889     0.2005    12.9616   534.8000   477.3600   568.4000     5.2154
   642     0.2891     0.2138    13.0815   540.0000   466.7200   568.4000     5.2154
   643     0.2956     0.1964    13.0103   537.6000   474.1440   568.4000     5.2154
   644     0.2956     0.2051    12.7326   542.4000   471.3200   568.4000     5.2154
   645     0.2956     0.2111    12.7249   544.4000   475.4560   568.4000     5.2154
   646     0.2948     0.2084    12.6049   548.8000   477.4320   568.4000     5.2154
   647     0.2963     0.2058    12.5269   546.4000   480.5520   568.4000     5.2154
   648     0.2953     0.2055    12.7750   543.6000   479.9600   568.4000     5.2154
   649     0.3018     0.1949    12.6583   551.6000   480.6400   568.4000     5.2154
   650     0.2910     0.2021    13.1930   557.2000   480.2160   568.4000     5.2154
   651     0.2929     0.1996    13.0433   549.6000   478.7200   568.4000     5.2154
   652     0.2944     0.2100    13.6144   544.4000   474.9120   568.4000     5.2154
   653     0.2971     0.2088    13.1987   543.2000   476.8000   568.4000     5.2154
   654     0.2884     0.2087    13.3352   542.0000   473.3120   568.4000     5.2154
   655     0.2909     0.2006    12.7600   544.4000   473.4320   568.4000     5.2154
   656     0.2971     0.2084    12.7218   545.2000   473.0000   568.4000     5.2154
   657     0.2918     0.2018    13.5033   546.8000   469.2320   568.4000     5.2154
   658     0.2911     0.2037    12.9094   543.2000   476.4000   568.4000     5.2154
   659     0.2909     0.1949    13.1569   539.2000   469.5840   568.4000     5.2154
   660     0.2907     0.2018    12.9011   540.4000   470.6320   568.4000     5.2154
   661     0.2916     0.1937    12.5886   539.2000   477.3360   568.4000     5.2154
   662     0.2887     0.2004    12.8372   542.8000   474.4000   568.4000     5.2154
   663     0.2893     0.1993    13.0500   540.4000   471.9280   568.4000     5.2154
   664     0.2934     0.2149    13.1048   542.8000   477.0640   568.4000     5.2154
   665     0.2926     0.2136    12.7590   542.4000   485.0000   568.4000     5.2154
   666     0.2909     0.2062    12.6798   548.0000   485.2480   568.4000     5.2154
   667     0.2957     0.2124    12.8723   540.8000   479.4160   568.4000     5.2154
   668     0.2949     0.1970    12.6158   541.2000   481.9680   568.4000     5.2154
   669     0.3000     0.2051    12.9736   546.8000   482.5520   568.4000     5.2154
   670     0.2938     0.1972    12.7027   546.0000   484.3680   568.4000     5.2154
   671     0.2938     0.1991    13.1210   547.2000   480.9920   568.4000     5.2154
   672     0.2911     0.2062    13.3920   537.2000   473.8400   568.4000     5.2154
   673     0.2942     0.2050    13.3344   536.4000   469.6080   568.4000     5.2154
   674     0.2824     0.1778    13.0384   534.0000   471.5040   568.4000     5.2154
   675     0.2905     0.1979    13.5798   536.0000   468.7200   568.4000     5.2154
   676     0.2917     0.1917    13.7571   539.2000   468.8640   568.4000     5.2154
   677     0.2924     0.2065    13.6439   540.0000   472.3280   568.4000     5.2154
   678     0.2887     0.2023    13.1290   538.8000   473.4640   568.4000     5.2154
   679     0.2909     0.2008    12.7443   532.4000   474.7760   568.4000     5.2154
   680     0.2913     0.1988    12.5569   536.8000   474.6640   568.4000     5.2154
   681     0.2880     0.1969    12.9218   536.4000   474.4800   568.4000     5.2154
   682     0.2884     0.1934    12.6266   533.2000   474.1920   568.4000     5.2154
   683     0.2867     0.2005    12.6354   532.8000   474.0960   568.4000     5.2154
   684     0.2878     0.2103    12.6015   534.4000   473.4400   568.4000     5.2154
   685     0.2951     0.2044    12.5051   535.2000   473.4240   568.4000     5.2154
   686     0.2947     0.2056    12.5762   539.6000   477.1280   568.4000     5.2154
   687     0.2940     0.2067    12.3714   544.4000   484.1520   568.4000     5.2154
   688     0.2911     0.2015    12.6660   539.2000   478.4400   568.4000     5.2154
   689     0.2940     0.2054    12.5146   537.6000   478.3520   568.4000     5.2154
   690     0.2871     0.1963    12.4100   542.4000   475.0960   568.4000     5.2154
   691     0.2916     0.2078    12.5868   538.4000   472.8640   568.4000     5.2154
   692     0.2839     0.2055    12.6359   536.0000   472.0080   568.4000     5.2154
   693     0.2898     0.2058    12.7977   526.0000   473.8720   568.4000     5.2154
   694     0.2909     0.2113    12.6854   542.0000   471.0240   568.4000     5.2154
   695     0.2884     0.2169    12.7624   538.8000   473.8880   568.4000     5.2154
   696     0.2947     0.2107    12.6633   535.6000   478.0400   568.4000     5.2154
   697     0.2878     0.2214    12.7863   540.4000   475.3600   568.4000     5.2154
   698     0.2942     0.2147    12.4531   536.4000   475.0320   568.4000     5.2154
   699     0.2851     0.2157    12.7223   540.0000   476.4640   568.4000     5.2154
   700     0.2882     0.2029    12.8756   547.6000   470.6960   568.4000     5.2154
   701     0.2929     0.2117    12.7739   541.6000   474.4160   568.4000     5.2154
   702     0.2880     0.1940    12.8452   538.4000   473.5760   568.4000     5.2154
   703     0.2904     0.2152    12.7946   530.8000   467.6080   568.4000     5.2154
   704     0.2922     0.2034    12.7827   540.4000   469.4240   568.4000     5.2154
   705     0.2897     0.2082    12.5105   539.6000   473.5760   568.4000     5.2154
   706     0.2909     0.2064    12.8490   539.2000   470.8160   568.4000     5.2154
   707     0.2956     0.2145    12.8793   539.2000   476.8960   568.4000     5.2154
   708     0.2992     0.2144    12.5549   544.4000   484.8560   568.4000     5.2154
   709     0.2947     0.2035    12.1497   547.2000   489.7840   568.4000     5.2154
   710     0.2971     0.2107    11.8911   545.2000   490.5520   568.4000     5.2154
   711     0.2959     0.2036    12.1753   550.0000   485.3280   568.4000     5.2154
   712     0.2940     0.2182    12.0857   544.8000   486.2960   568.4000     5.2154
   713     0.2922     0.1983    12.2504   544.0000   487.6000   568.4000     5.2154
   714     0.2909     0.2153    12.5445   541.6000   481.1920   568.4000     5.2154
   715     0.2847     0.2180    12.3130   536.8000   477.4960   568.4000     5.2154
   716     0.2897     0.2046    12.4264   540.8000   478.5760   568.4000     5.2154
   717     0.2906     0.2173    12.4782   541.2000   479.3040   568.4000     5.2154
   718     0.2958     0.2116    11.8864   541.2000   481.4400   568.4000     5.2154
   719     0.2931     0.2115    12.1045   539.2000   482.0480   568.4000     5.2154
   720     0.2974     0.2141    12.3422   542.4000   482.5600   568.4000     5.2154
   721     0.2900     0.2058    11.9928   548.0000   485.1840   568.4000     5.2154
   722     0.2975     0.1999    12.0529   550.4000   481.7440   568.4000     5.2154
   723     0.2967     0.2126    12.3128   545.6000   483.3120   568.4000     5.2154
   724     0.2960     0.1975    12.1443   542.0000   487.7440   568.4000     5.2154
   725     0.2933     0.2033    12.5688   540.4000   481.7120   568.4000     5.2154
   726     0.2915     0.2045    12.3567   542.8000   484.4720   568.4000     5.2154
   727     0.2919     0.2153    12.3907   541.6000   483.8320   568.4000     5.2154
   728     0.2924     0.2221    12.2052   536.8000   481.0640   568.4000     5.2154
   729     0.2918     0.2169    12.5430   537.2000   479.6800   568.4000     5.2154
   730     0.2869     0.2073    12.1497   540.0000   482.5680   568.4000     5.2154
   731     0.2914     0.2103    12.7319   535.2000   480.6640   568.4000     5.2154
   732     0.2911     0.2004    12.9505   538.8000   481.9840   568.4000     5.2154
   733     0.2966     0.2117    13.3979   538.4000   473.5200   568.4000     5.2154
   734     0.2909     0.2058    12.7816   541.2000   477.2560   568.4000     5.2154
   735     0.2904     0.2138    12.5842   535.6000   474.9440   568.4000     5.2154
   736     0.2962     0.2159    12.6051   543.2000   475.0080   568.4000     5.2154
   737     0.2935     0.2136    12.3045   542.0000   480.7440   568.4000     5.2154
   738     0.2944     0.2076    12.4767   542.8000   483.8240   568.4000     5.2154
   739     0.2900     0.2001    12.1448   547.2000   484.0240   568.4000     5.2154
   740     0.2929     0.2031    12.5159   536.0000   479.8240   568.4000     5.2154
   741     0.2908     0.2060    12.4504   536.4000   478.9520   568.4000     5.2154
   742     0.2897     0.2021    12.3832   543.2000   484.4400   568.4000     5.2154
   743     0.2904     0.2036    12.5969   539.6000   478.3840   568.4000     5.2154
   744     0.2911     0.1945    12.6624   546.8000   478.0880   568.4000     5.2154
   745     0.2893     0.1918    12.6201   543.6000   482.9280   568.4000     5.2154
   746     0.2880     0.1831    12.9045   533.6000   475.6480   568.4000     5.2154
   747     0.2969     0.2083    13.2625   538.0000   471.9920   568.4000     5.2154
   748     0.2947     0.2034    12.9869   540.0000   480.0560   568.4000     5.2154
   749     0.2858     0.1863    12.8829   541.6000   474.9280   568.4000     5.2154
   750     0.2867     0.2148    13.5484   534.0000   463.4560   568.4000     5.2154
   751     0.2887     0.2071    13.5941   536.4000   470.3360   568.4000     5.2154
   752     0.2873     0.1986    13.4934   535.2000   472.1040   568.4000     5.2154
   753     0.2907     0.2156    13.5567   538.0000   470.1200   568.4000     5.2154
   754     0.2929     0.2110    13.7427   539.6000   470.8640   568.4000     5.2154
   755     0.2893     0.1985    13.0599   538.8000   473.4720   568.4000     5.2154
   756     0.2940     0.2070    13.0274   537.6000   476.1040   568.4000     5.2154
   757     0.2924     0.2179    13.2132   541.6000   475.5120   568.4000     5.2154
   758     0.2938     0.2053    12.8320   541.6000   480.4320   568.4000     5.2154
   759     0.2916     0.2116    12.5502   543.6000   480.4800   568.4000     5.2154
   760     0.2989     0.2038    12.8331   538.0000   474.6480   568.4000     5.2154
   761     0.2953     0.2212    12.6157   546.4000   483.0320   568.4000     5.2154
   762     0.2922     0.2105    12.3765   546.0000   486.1120   568.4000     5.2154
   763     0.2940     0.2143    12.5433   544.4000   484.9920   568.4000     5.2154
   764     0.2900     0.1953    12.0176   547.2000   486.8640   568.4000     5.2154
   765     0.2943     0.2014    12.1541   536.8000   482.9920   568.4000     5.2154
   766     0.2929     0.1968    12.3025   541.2000   490.4080   568.4000     5.2154
   767     0.2924     0.2066    12.9293   544.4000   482.9600   568.4000     5.2154
   768     0.2907     0.2094    13.0278   544.0000   480.0880   568.4000     5.2154
   769     0.2971     0.2109    13.0508   534.8000   479.8560   568.4000     5.2154
   770     0.2871     0.2039    12.4953   542.8000   482.0320   568.4000     5.2154
   771     0.2953     0.2069    12.4779   539.2000   479.9440   568.4000     5.2154
   772     0.3008     0.2144    12.6699   546.8000   481.4800   568.4000     5.2154
   773     0.2953     0.2115    12.3510   548.0000   486.0640   568.4000     5.2154
   774     0.2882     0.1999    13.1451   536.4000   482.9760   568.4000     5.2154
   775     0.2904     0.2227    13.3322   538.8000   476.8000   568.4000     5.2154
   776     0.2947     0.2134    13.2155   547.2000   480.7600   568.4000     5.2154
   777     0.2918     0.2066    13.1928   534.8000   480.8320   568.4000     5.2154
   778     0.2969     0.2094    13.0018   541.2000   480.9920   568.4000     5.2154
   779     0.2937     0.2170    12.8392   546.0000   494.0960   568.4000     5.2154
   780     0.2960     0.2140    12.8524   542.4000   491.7840   568.4000     5.2154
   781     0.2950     0.2184    12.9629   541.2000   484.9920   568.4000     5.2154
   782     0.2973     0.2083    12.6810   543.6000   487.8480   568.4000     5.2154
   783     0.2944     0.2235    13.0237   538.8000   485.4880   568.4000     5.2154
   784     0.2907     0.1975    12.7623   540.8000   483.7520   568.4000     5.2154
   785     0.2976     0.2035    12.7029   543.2000   484.9040   568.4000     5.2154
   786     0.2971     0.2059    12.7231   550.4000   475.5760   568.4000     5.2154
   787     0.2969     0.2121    13.3902   542.0000   477.0320   568.4000     5.2154
   788     0.2947     0.2189    13.5682   540.8000   473.2880   568.4000     5.2154
   789     0.2931     0.2137    13.2416   540.4000   481.1120   568.4000     5.2154
   790     0.2944     0.2186    13.6116   536.4000   478.1360   568.4000     5.2154
   791     0.2973     0.2093    13.4958   538.8000   478.5600   568.4000     5.2154
   792     0.2887     0.2077    12.8940   549.2000   482.3520   568.4000     5.2154
   793     0.2933     0.2059    12.3814   543.6000   483.9520   568.4000     5.2154
   794     0.2924     0.2079    12.5389   541.2000   480.1840   568.4000     5.2154
   795     0.2960     0.2009    12.2705   544.4000   484.6320   568.4000     5.2154
   796     0.2931     0.2109    12.6945   537.2000   482.2880   568.4000     5.2154
   797     0.2931     0.2034    12.8291   546.8000   484.3200   568.4000     5.2154
   798     0.2953     0.1978    12.8496   544.0000   482.5920   568.4000     5.2154
   799     0.2962     0.2131    12.6759   545.2000   483.6480   568.4000     5.2154
   800     0.2996     0.2086    12.9742   546.0000   481.5280   568.4000     5.2154
   801     0.2971     0.2072    12.9580   541.6000   477.2480   568.4000     5.2154
   802     0.2953     0.2081    13.4638   539.6000   476.4960   568.4000     5.2154
   803     0.2936     0.2031    13.2457   543.2000   477.3280   568.4000     5.2154
   804     0.2878     0.1983    13.2717   549.2000   479.5600   568.4000     5.2154
   805     0.2933     0.2091    13.3273   542.8000   474.5120   568.4000     5.2154
   806     0.2934     0.2139    13.0320   543.6000   477.5760   568.4000     5.2154
   807     0.2933     0.2056    13.1778   538.0000   476.6880   568.4000     5.2154
   808     0.2947     0.2025    13.0540   535.6000   479.9200   568.4000     5.2154
   809     0.2930     0.2207    13.0663   542.8000   476.8880   568.4000     5.2154
   810     0.2889     0.2108    13.1958   547.2000   480.3520   568.4000     5.2154
   811     0.2927     0.2101    12.8540   539.6000   478.8880   568.4000     5.2154
   812     0.2867     0.1997    13.2418   541.6000   478.3200   568.4000     5.2154
   813     0.2876     0.2032    13.3205   538.0000   478.2880   568.4000     5.2154
   814     0.2993     0.2104    13.3678   541.2000   473.6480   568.4000     5.2154
   815     0.2991     0.2119    13.0137   544.0000   480.0240   568.4000     5.2154
   816     0.2888     0.2085    12.7649   548.0000   486.1040   568.4000     5.2154
   817     0.2902     0.1988    13.2113   541.2000   481.8960   568.4000     5.2154
   818     0.2898     0.2038    12.9383   542.4000   481.1920   568.4000     5.2154
   819     0.2914     0.2085    12.5213   542.8000   481.7040   568.4000     5.2154
   820     0.2925     0.2098    12.9967   538.4000   479.0000   568.4000     5.2154
   821     0.2958     0.2133    12.8785   543.2000   476.5520   568.4000     5.2154
   822     0.2956     0.2037    12.6980   544.8000   481.1120   568.4000     5.2154
   823     0.2898     0.2106    13.0629   543.2000   481.6320   568.4000     5.2154
   824     0.2872     0.1994    12.6015   542.8000   479.8880   568.4000     5.2154
   825     0.2949     0.2147    12.7536   536.8000   472.5440   568.4000     5.2154
   826     0.2887     0.2101    12.7125   540.4000   475.9520   568.4000     5.2154
   827     0.2977     0.2062    12.8869   543.6000   475.5360   568.4000     5.2154
   828     0.2898     0.2067    12.6516   551.6000   479.9440   568.4000     5.2154
   829     0.2956     0.1941    12.6679   548.4000   476.7280   568.4000     5.2154
   830     0.2864     0.2118    13.0451   543.2000   475.8320   568.4000     5.2154
   831     0.2998     0.2021    12.7458   542.8000   476.1920   568.4000     5.2154
   832     0.2940     0.2045    12.9345   544.8000   476.0000   568.4000     5.2154
   833     0.2870     0.1995    12.4364   543.2000   478.4400   568.4000     5.2154
   834     0.2980     0.2056    12.6846   537.2000   476.4880   568.4000     5.2154
   835     0.2915     0.2032    12.3113   538.4000   480.1840   568.4000     5.2154
   836     0.2964     0.2178    12.6939   551.6000   478.0320   568.4000     5.2154
   837     0.2909     0.1946    12.6583   545.2000   481.5520   568.4000     5.2154
   838     0.2942     0.2036    12.6903   543.2000   469.4400   568.4000     5.2154
   839     0.2938     0.2075    12.6487   548.8000   470.6960   568.4000     5.2154
   840     0.2939     0.2148    12.4651   541.2000   474.1840   568.4000     5.2154
   841     0.2922     0.1954    12.5597   536.0000   472.9760   568.4000     5.2154
   842     0.2920     0.1971    12.7182   534.8000   474.9040   568.4000     5.2154
   843     0.2875     0.2164    12.9353   531.6000   470.2640   568.4000     5.2154
   844     0.2922     0.2115    12.7117   533.2000   475.8960   568.4000     5.2154
   845     0.2913     0.2146    12.8155   542.8000   475.3840   568.4000     5.2154
   846     0.2902     0.2037    12.1758   538.8000   482.7440   568.4000     5.2154
   847     0.2931     0.2099    12.4273   541.2000   480.8560   568.4000     5.2154
   848     0.2904     0.2054    12.1665   541.2000   480.7200   568.4000     5.2154
   849     0.2920     0.2037    12.2696   546.8000   482.4880   568.4000     5.2154
   850     0.2974     0.2186    12.0336   545.2000   482.1600   568.4000     5.2154
   851     0.2980     0.2096    12.1638   542.0000   482.2480   568.4000     5.2154
   852     0.2970     0.2081    12.1940   547.2000   483.1200   568.4000     5.2154
   853     0.2960     0.2170    12.4655   546.0000   480.8720   568.4000     5.2154
   854     0.3007     0.2068    12.3416   547.2000   482.7360   568.4000     5.2154
   855     0.2991     0.2077    12.1646   549.6000   484.2560   568.4000     5.2154
   856     0.2987     0.2101    12.0939   550.4000   483.8640   568.4000     5.2154
   857     0.2904     0.2072    11.9811   546.8000   484.6720   568.4000     5.2154
   858     0.2959     0.2022    12.2875   546.4000   475.2240   568.4000     5.2154
   859     0.2929     0.2068    12.5497   547.2000   474.1520   568.4000     5.2154
   860     0.2938     0.1990    12.1112   550.4000   480.2800   568.4000     5.2154
   861     0.2976     0.1958    12.1721   549.6000   483.2000   568.4000     5.2154
   862     0.2917     0.2167    12.3773   542.8000   477.8960   568.4000     5.2154
   863     0.2872     0.2002    12.5481   538.0000   479.1600   568.4000     5.2154
   864     0.2929     0.2222    12.7721   544.8000   476.7600   568.4000     5.2154
   865     0.2947     0.2019    12.8129   548.8000   481.7680   568.4000     5.2154
   866     0.2936     0.2049    12.4341   543.2000   481.9280   568.4000     5.2154
   867     0.2876     0.2045    12.5912   543.6000   478.3440   568.4000     5.2154
   868     0.2900     0.2099    12.6318   535.6000   475.2160   568.4000     5.2154
   869     0.2956     0.2111    12.6624   541.6000   476.9680   568.4000     5.2154
   870     0.2929     0.2030    12.4746   548.8000   478.1840   568.4000     5.2154
   871     0.2889     0.2044    12.6095   538.4000   477.0160   568.4000     5.2154
   872     0.2910     0.1839    12.1487   534.0000   477.9440   568.4000     5.2154
   873     0.2960     0.1959    12.4258   551.6000   475.6480   568.4000     5.2154
   874     0.2837     0.2053    12.5043   558.0000   480.4560   569.2000     5.2154
   875     0.2993     0.1913    12.1595   548.8000   482.8560   569.2000     5.2154
   876     0.2861     0.2069    12.2118   546.4000   479.8960   569.2000     5.2154
   877     0.2891     0.2043    12.2073   542.0000   478.8160   569.2000     5.2154
   878     0.2879     0.1980    12.2039   530.8000   477.4480   569.2000     5.2154
   879     0.2892     0.2033    12.3078   540.8000   480.2960   569.2000     5.2154
   880     0.2902     0.2094    12.7481   538.4000   476.7840   569.2000     5.2154
   881     0.2859     0.2116    12.6632   536.8000   478.1440   569.2000     5.2154
   882     0.2873     0.1926    12.3688   535.2000   476.9040   569.2000     5.2154
   883     0.2887     0.2206    12.5590   534.4000   472.3520   569.2000     5.2154
   884     0.2922     0.2142    12.4655   531.6000   472.9520   569.2000     5.2154
   885     0.2924     0.2023    12.5032   540.8000   470.1440   569.2000     5.2154
   886     0.2960     0.1966    12.3781   534.0000   475.6480   569.2000     5.2154
   887     0.2960     0.2161    12.3180   540.0000   477.3760   569.2000     5.2154
   888     0.2924     0.2049    12.5373   547.2000   475.7040   569.2000     5.2154
   889     0.2894     0.1840    12.5727   536.4000   473.0720   569.2000     5.2154
   890     0.2914     0.2096    12.5466   536.4000   474.8640   569.2000     5.2154
   891     0.2870     0.2027    12.3450   542.8000   481.5120   569.2000     5.2154
   892     0.2960     0.2061    12.3760   542.0000   476.5200   569.2000     5.2154
   893     0.2873     0.1984    12.2728   534.8000   471.4320   569.2000     5.2154
   894     0.2938     0.1911    11.8473   544.0000   473.8320   569.2000     5.2154
   895     0.2916     0.1863    12.2198   541.6000   475.7760   569.2000     5.2154
   896     0.2960     0.1952    12.1006   541.6000   478.7360   569.2000     5.2154
   897     0.2913     0.2153    12.4602   543.6000   475.0960   569.2000     5.2154
   898     0.2909     0.2135    12.4741   541.6000   478.4960   569.2000     5.2154
   899     0.2942     0.1924    12.1824   541.2000   476.9040   569.2000     5.2154
   900     0.2973     0.2059    12.5123   544.8000   472.7360   569.2000     5.2154
   901     0.2907     0.2056    12.2395   543.6000   476.6960   569.2000     5.2154
   902     0.2940     0.1941    12.2255   545.2000   479.6720   569.2000     5.2154
   903     0.2949     0.2024    12.2883   544.8000   477.3120   569.2000     5.2154
   904     0.2914     0.2041    12.0712   544.4000   477.8880   569.2000     5.2154
   905     0.2959     0.2097    12.0896   548.4000   479.4640   569.2000     5.2154
   906     0.2996     0.2167    12.1744   550.4000   478.6720   569.2000     5.2154
   907     0.3049     0.2166    12.1634   550.0000   484.1200   569.2000     5.2154
   908     0.2884     0.2025    12.0351   552.4000   487.5600   569.6000     5.2154
   909     0.2989     0.2162    12.0542   552.0000   484.8320   569.6000     5.2154
   910     0.2898     0.2020    12.0322   553.2000   486.5520   569.6000     5.2154
   911     0.2929     0.2071    12.2890   550.4000   480.4640   569.6000     5.2154
   912     0.2981     0.1884    12.3623   544.4000   481.5760   569.6000     5.2154
   913     0.2959     0.2149    12.5184   552.0000   483.2720   569.6000     5.2154
   914     0.2880     0.2080    12.1205   545.6000   478.6720   569.6000     5.2154
   915     0.2917     0.2103    12.1944   547.6000   477.1280   569.6000     5.2154
   916     0.2938     0.2055    12.4723   542.4000   474.5520   569.6000     5.2154
   917     0.2948     0.2108    12.1303   545.2000   480.4960   569.6000     5.2154
   918     0.2938     0.2162    11.9527   541.6000   484.6080   569.6000     5.2154
   919     0.2962     0.2003    11.9840   540.0000   482.3360   569.6000     5.2154
   920     0.2924     0.1914    11.9293   546.0000   479.2560   569.6000     5.2154
   921     0.2920     0.1974    12.5228   540.8000   472.2400   569.6000     5.2154
   922     0.2912     0.1975    12.4230   534.4000   476.0880   569.6000     5.2154
   923     0.2918     0.2060    12.4916   539.6000   471.9440   569.6000     5.2154
   924     0.2923     0.2013    11.9394   538.0000   476.2800   569.6000     5.2154
   925     0.2864     0.2028    12.1700   535.2000   474.4880   569.6000     5.2154
   926     0.2940     0.2001    12.0780   537.2000   473.5360   569.6000     5.2154
   927     0.2876     0.1927    12.1306   542.8000   479.0560   569.6000     5.2154
   928     0.2938     0.1949    12.1788   544.0000   473.8640   569.6000     5.2154
   929     0.2914     0.2021    12.4416   545.2000   472.2800   569.6000     5.2154
   930     0.2892     0.2102    12.8993   542.8000   471.1680   569.6000     5.2154
   931     0.2891     0.1908    12.6686   539.2000   476.9040   569.6000     5.2154
   932     0.2913     0.1935    12.0857   542.4000   475.5120   569.6000     5.2154
   933     0.2819     0.1841    12.2722   538.4000   475.9920   569.6000     5.2154
   934     0.2946     0.2020    12.7211   537.6000   469.8480   569.6000     5.2154
   935     0.2989     0.1991    12.6127   546.0000   475.4800   569.6000     5.2154
   936     0.3020     0.2081    12.7647   548.0000   474.7200   569.6000     5.2154
   937     0.2960     0.2149    12.5701   547.6000   476.8800   569.6000     5.2154
   938     0.2909     0.2017    12.5616   544.4000   480.2880   569.6000     5.2154
   939     0.2909     0.1978    12.2304   544.8000   483.4000   569.6000     5.2154
   940     0.2938     0.2153    12.3262   543.2000   479.8400   569.6000     5.2154
   941     0.3009     0.2164    12.5992   550.0000   479.3120   569.6000     5.2154
   942     0.2973     0.2107    12.7340   544.8000   479.7600   569.6000     5.2154
   943     0.2922     0.2016    12.9427   549.6000   473.4560   570.8000     5.2154
   944     0.2920     0.2165    13.0519   546.4000   472.7280   570.8000     5.2154
   945     0.2855     0.2104    12.7949   540.8000   470.8720   570.8000     5.2154
   946     0.2844     0.2070    12.9690   534.0000   470.1680   570.8000     5.2154
   947     0.2829     0.1991    12.8607   531.2000   470.6240   570.8000     5.2154
   948     0.2916     0.2069    12.9624   532.0000   472.7760   570.8000     5.2154
   949     0.2947     0.2050    12.5197   540.4000   481.3200   570.8000     5.2154
   950     0.2911     0.1985    12.2441   542.8000   480.4240   570.8000     5.2154
   951     0.2942     0.2173    12.8488   531.6000   474.2320   570.8000     5.2154
   952     0.2942     0.2118    12.9582   544.8000   477.4000   570.8000     5.2154
   953     0.2943     0.1967    12.6392   544.4000   482.3760   570.8000     5.2154
   954     0.2963     0.2109    12.9419   546.8000   485.3680   570.8000     5.2154
   955     0.2949     0.2131    12.4101   548.4000   485.5840   570.8000     5.2154
   956     0.2978     0.2018    12.4534   547.2000   485.7040   570.8000     5.2154
   957     0.2916     0.2062    12.6777   546.0000   483.8000   570.8000     5.2154
   958     0.2933     0.2097    12.6792   542.8000   484.4320   570.8000     5.2154
   959     0.2953     0.2002    13.0731   540.0000   482.0720   570.8000     5.2154
   960     0.2931     0.2063    12.5685   540.4000   480.8480   570.8000     5.2154
   961     0.2873     0.1984    12.5773   539.2000   477.9360   570.8000     5.2154
   962     0.2889     0.2068    12.8167   536.4000   473.6640   570.8000     5.2154
   963     0.2941     0.2030    12.6986   541.6000   477.4960   570.8000     5.2154
   964     0.2899     0.2008    12.2202   547.2000   481.1760   570.8000     5.2154
   965     0.2887     0.1865    12.2216   552.0000   480.8240   570.8000     5.2154
   966     0.2949     0.2007    12.7216   542.0000   473.9040   570.8000     5.2154
   967     0.2931     0.2151    13.0387   546.8000   473.4400   570.8000     5.2154
   968     0.2971     0.2124    12.8266   546.8000   477.5600   570.8000     5.2154
   969     0.3036     0.2113    12.9770   552.4000   480.7200   570.8000     5.2154
   970     0.3028     0.2124    12.6980   555.2000   479.2240   570.8000     5.2154
   971     0.2909     0.1971    12.4158   552.8000   485.3040   570.8000     5.2154
   972     0.2920     0.1973    12.1011   544.8000   484.4880   570.8000     5.2154
   973     0.2924     0.1983    12.1925   544.8000   480.0880   570.8000     5.2154
   974     0.2958     0.2077    12.6986   543.6000   475.0480   570.8000     5.2154
   975     0.2907     0.2043    12.3778   541.2000   475.4400   570.8000     5.2154
   976     0.2888     0.1962    12.1742   540.0000   478.0080   570.8000     5.2154
   977     0.2939     0.1927    12.3378   543.6000   474.2640   570.8000     5.2154
   978     0.2879     0.1998    12.2144   545.2000   472.4880   570.8000     5.2154
   979     0.2958     0.2045    11.7164   547.6000   479.7040   570.8000     5.2154
   980     0.2911     0.2065    11.8069   550.0000   481.7680   570.8000     5.2154
   981     0.2967     0.2034    11.6278   549.6000   481.2000   570.8000     5.2154
   982     0.2920     0.1980    11.6129   547.2000   483.1600   570.8000     5.2154
   983     0.2922     0.2081    11.6674   544.4000   483.4640   570.8000     5.2154
   984     0.2971     0.2047    12.1213   544.4000   482.7760   570.8000     5.2154
   985     0.2889     0.2197    12.3651   546.0000   484.8160   570.8000     5.2154
   986     0.2927     0.2176    12.1615   538.0000   482.2000   570.8000     5.2154
   987     0.2906     0.2119    12.1192   543.2000   487.3280   570.8000     5.2154
   988     0.2905     0.2125    12.0506   547.6000   483.0240   570.8000     5.2154
   989     0.2973     0.2116    11.9407   549.2000   488.0400   570.8000     5.2154
   990     0.2950     0.2239    11.6504   546.0000   488.2480   570.8000     5.2154
   991     0.2989     0.2094    11.3675   549.6000   494.3520   570.8000     5.2154
   992     0.2936     0.2173    11.8834   549.2000   488.8320   570.8000     5.2154
   993     0.2933     0.2050    11.8687   549.2000   488.1920   570.8000     5.2154
   994     0.2970     0.2078    11.7574   545.6000   487.5040   570.8000     5.2154
   995     0.2998     0.2185    11.8013   546.4000   490.0880   570.8000     5.2154
   996     0.2996     0.2206    11.3802   549.2000   491.0880   571.2000     5.2154
   997     0.2993     0.2223    11.7313   548.0000   491.0400   571.2000     5.2154
   998     0.2954     0.1943    11.3869   556.8000   498.9040   571.2000     5.2154
   999     0.2975     0.2067    12.0625   548.4000   488.6160   571.2000     5.2154
  1000     0.2970     0.2099    12.1789   543.2000   492.4480   571.2000     5.2154
