     1     0.5850     0.4605    32.0052    46.8000    36.8400    46.8000     2.7928
     2     0.5950     0.4556    30.5977    48.4000    40.0880    48.4000     2.7928
     3     0.6350     0.4689    28.6008    51.2000    42.1840    51.4000     2.7928
     4     0.6450     0.4664    26.0341    52.8000    44.2960    52.8000     2.7928
     5     0.6705     0.4622    23.8495    54.8000    45.2320    54.8000     2.7928
     6     0.6625     0.4832    23.1703    56.2000    45.9040    56.4000     2.7928
     7     0.6734     0.4711    21.9956    55.2000    46.5120    56.6000     2.7928
     8     0.6800     0.4917    20.7546    56.0000    47.3840    56.8000     2.7928
     9     0.6825     0.4796    19.8589    56.6000    49.0080    57.2000     2.7928
    10     0.7025     0.5000    19.8643    58.4000    49.6440    58.6000     2.7928
    11     0.7075     0.4887    19.0609    58.6000    49.3320    59.0000     2.7928
    12     0.7025     0.5166    19.1291    58.8000    49.1880    59.4000     2.7928
    13     0.6925     0.5064    18.3409    58.0000    49.4000    59.4000     2.7928
    14     0.7025     0.5075    17.3226    57.0000    49.9120    59.4000     2.7928
    15     0.7146     0.5086    17.4047    58.6000    50.5240    59.6000     2.7928
    16     0.7075     0.4957    17.9654    59.4000    50.6240    60.2000     2.7928
    17     0.7125     0.5137    17.3949    58.0000    50.1000    60.2000     2.7928
    18     0.7175     0.5585    17.0772    57.8000    50.2120    60.2000     2.7928
    19     0.7125     0.5230    16.1424    59.6000    50.9480    60.8000     2.7928
    20     0.7295     0.4938    16.0991    59.6000    51.5640    60.8000     2.7928
    21     0.7275     0.4980    15.7417    59.8000    51.0200    61.0000     2.7928
    22     0.7200     0.5193    15.9327    59.4000    51.4600    61.2000     2.7928
    23     0.7120     0.4965    16.0269    58.6000    51.4920    61.2000     2.7928
    24     0.7125     0.5065    15.6630    60.2000    51.5720    61.4000     2.7928
    25     0.7325     0.5455    15.5768    60.4000    51.7680    61.6000     2.7928
    26     0.7275     0.5173    15.1520    61.0000    52.1560    62.6000     2.7928
    27     0.7075     0.5105    14.6354    60.4000    52.7240    62.6000     2.7928
    28     0.7375     0.5253    14.5830    60.2000    52.5320    63.0000     2.7928
    29     0.7400     0.5157    14.3029    61.8000    53.1160    63.0000     2.7928
    30     0.7336     0.5400    14.6235    60.8000    52.4840    63.0000     2.7928
    31     0.7315     0.5287    13.7208    61.2000    53.1080    63.2000     2.7928
    32     0.7350     0.5136    13.3603    60.2000    53.2240    63.2000     2.7928
    33     0.7369     0.5258    14.2555    60.4000    52.8840    63.2000     2.7928
    34     0.7350     0.5077    13.7484    61.2000    53.2120    63.2000     2.7928
    35     0.7162     0.4806    13.4921    61.2000    53.3240    63.2000     2.7928
    36     0.7525     0.5597    13.6229    62.0000    53.0600    63.2000     2.7928
    37     0.7250     0.4858    12.8802    61.2000    54.1080    63.2000     2.7928
    38     0.7335     0.4937    13.2392    60.4000    53.1400    63.2000     2.7928
    39     0.7425     0.5309    13.0160    61.8000    53.6800    63.2000     2.7928
    40     0.7542     0.5476    12.8385    62.4000    54.1080    63.6000     2.7928
    41     0.7450     0.5382    12.9479    62.0000    54.1600    63.6000     2.7928
    42     0.7600     0.5532    12.7135    61.8000    55.0520    63.6000     2.7928
    43     0.7690     0.5496    12.3326    62.2000    55.2120    63.6000     2.7928
    44     0.7564     0.4944    12.2480    62.4000    55.6160    63.6000     2.7928
    45     0.7575     0.5093    12.6124    63.0000    54.8920    64.0000     2.7928
    46     0.7550     0.5250    12.7816    62.0000    54.8200    64.0000     2.7928
    47     0.7618     0.5503    13.0470    62.2000    54.8360    64.0000     2.7928
    48     0.7625     0.5080    12.9301    62.2000    54.9160    64.0000     2.7928
    49     0.7593     0.5640    13.0498    62.4000    54.7000    64.0000     2.7928
    50     0.7492     0.5272    12.7291    62.8000    55.0440    64.0000     2.7928
    51     0.7762     0.5501    12.7582    63.2000    55.1680    64.0000     2.7928
    52     0.7700     0.5413    12.1189    63.6000    55.9480    64.2000     2.7928
    53     0.7600     0.5542    12.0849    63.4000    56.2800    64.6000     2.7928
    54     0.7625     0.5212    11.9574    63.0000    56.1480    64.6000     2.7928
    55     0.7550     0.5148    11.9747    62.8000    56.6560    64.6000     2.7928
    56     0.7793     0.5586    12.1786    63.0000    56.3600    64.6000     2.7928
    57     0.7600     0.5136    11.9267    64.0000    56.9120    65.0000     2.7928
    58     0.7775     0.5734    12.4103    63.8000    56.4920    65.0000     2.7928
    59     0.7566     0.5558    12.7497    64.2000    56.3200    65.8000     2.7928
    60     0.7650     0.5699    12.8790    63.0000    55.9640    65.8000     2.7928
    61     0.7753     0.5633    12.8607    63.8000    56.1480    66.2000     2.7928
    62     0.7700     0.5184    12.6594    64.4000    56.4920    66.2000     2.7928
    63     0.7750     0.5675    13.1527    62.8000    55.9080    66.2000     2.7928
    64     0.7525     0.5515    12.7146    62.8000    56.4640    66.2000     2.7928
    65     0.7625     0.5726    12.4735    62.0000    56.6120    66.2000     2.7928
    66     0.7650     0.5444    12.8731    62.6000    55.9800    66.2000     2.7928
    67     0.7594     0.5644    12.9122    62.4000    55.5800    66.2000     2.7928
    68     0.7718     0.5468    12.9659    62.6000    54.8760    66.2000     2.7928
    69     0.7575     0.5360    12.9949    63.0000    54.8400    66.2000     2.7928
    70     0.7569     0.5311    13.0451    62.8000    54.8800    66.2000     2.7928
    71     0.7550     0.5389    12.7311    63.2000    55.1600    66.2000     2.7928
    72     0.7500     0.5436    12.7747    62.4000    55.0240    66.2000     2.7928
    73     0.7650     0.5499    12.7257    62.2000    54.6200    66.2000     2.7928
    74     0.7775     0.5522    13.1762    62.8000    54.8920    66.2000     2.7928
    75     0.7725     0.5596    13.1192    62.8000    55.3240    66.2000     2.7928
    76     0.7680     0.5503    12.9842    63.4000    56.0720    66.6000     2.7928
    77     0.7767     0.5678    12.7816    63.4000    55.8880    66.6000     2.7928
    78     0.7725     0.5191    12.6792    63.6000    56.5920    66.6000     2.7928
    79     0.7950     0.5598    12.3765    64.0000    56.5800    66.6000     2.7928
    80     0.7725     0.5348    12.3363    64.8000    56.5720    66.8000     2.7928
    81     0.7793     0.5632    12.7597    63.4000    55.8800    66.8000     2.7928
    82     0.7650     0.4859    12.4565    63.8000    56.2600    66.8000     2.7928
    83     0.7600     0.5202    12.8838    64.2000    55.7880    66.8000     2.7928
    84     0.7750     0.5447    12.9652    63.8000    55.1160    66.8000     2.7928
    85     0.7427     0.5259    12.9796    63.6000    55.4800    66.8000     2.7928
    86     0.7600     0.5399    12.8583    62.0000    55.5240    66.8000     2.7928
    87     0.7625     0.5533    12.6957    63.6000    55.8440    66.8000     2.7928
    88     0.7600     0.5481    13.2211    63.2000    55.6800    66.8000     2.7928
    89     0.7650     0.5682    13.6002    63.2000    55.0280    66.8000     2.7928
    90     0.7625     0.5536    13.0648    62.4000    55.9240    66.8000     2.7928
    91     0.7600     0.5432    12.5861    62.4000    55.9400    66.8000     2.7928
    92     0.7700     0.5073    12.3845    63.8000    56.4160    66.8000     2.7928
    93     0.7539     0.5292    12.1868    63.6000    55.9000    66.8000     2.7928
    94     0.7550     0.5249    12.2424    62.2000    56.1320    66.8000     2.7928
    95     0.7525     0.5143    12.8684    61.8000    55.1080    66.8000     2.7928
    96     0.7500     0.5155    12.9229    61.6000    54.9280    66.8000     2.7928
    97     0.7550     0.5710    13.0487    62.0000    55.1600    66.8000     2.7928
    98     0.7575     0.5576    12.3017    62.8000    56.3440    66.8000     2.7928
    99     0.7750     0.5463    12.1817    63.2000    56.1520    66.8000     2.7928
   100     0.7725     0.5548    12.2953    63.2000    56.5520    66.8000     2.7928
   101     0.7778     0.5334    12.2114    64.0000    56.0920    66.8000     2.7928
   102     0.7625     0.5735    12.5721    64.2000    56.3520    66.8000     2.7928
   103     0.7385     0.4911    12.3301    62.8000    56.5160    66.8000     2.7928
   104     0.7600     0.5426    12.6170    62.0000    55.2920    66.8000     2.7928
   105     0.7575     0.5398    13.1336    61.8000    54.8160    66.8000     2.7928
   106     0.7600     0.5542    13.2815    62.4000    54.8680    66.8000     2.7928
   107     0.7712     0.5615    13.2198    63.0000    55.3080    66.8000     2.7928
   108     0.7625     0.5533    13.2674    63.0000    55.2000    66.8000     2.7928
   109     0.7600     0.5130    13.0839    62.6000    55.5120    66.8000     2.7928
   110     0.7825     0.5554    12.7451    63.0000    55.1080    66.8000     2.7928
   111     0.7725     0.5494    13.1064    63.8000    55.1760    66.8000     2.7928
   112     0.7700     0.5495    13.0999    63.0000    55.9360    66.8000     2.7928
   113     0.7569     0.5078    12.7678    62.8000    56.2560    66.8000     2.7928
   114     0.7675     0.5863    13.0392    62.6000    55.9040    66.8000     2.7928
   115     0.7650     0.5279    12.5982    62.6000    56.5160    66.8000     2.7928
   116     0.7550     0.5737    13.3135    62.4000    55.7120    66.8000     2.7928
   117     0.7675     0.5324    13.0338    62.8000    56.4880    66.8000     2.7928
   118     0.7525     0.5149    13.0521    62.8000    56.7280    66.8000     2.7928
   119     0.7725     0.5379    13.0403    64.2000    56.6960    67.0000     2.7928
   120     0.7775     0.5478    13.1636    62.8000    56.3080    67.0000     2.7928
   121     0.7650     0.5876    13.1845    62.8000    56.3240    67.0000     2.7928
   122     0.7775     0.5504    13.2313    63.2000    56.1240    67.0000     2.7928
   123     0.7850     0.5581    12.6896    63.4000    56.6400    67.0000     2.7928
   124     0.7700     0.5280    12.7806    64.6000    57.3000    67.0000     2.7928
   125     0.7825     0.5708    12.5982    64.2000    56.7360    67.0000     2.7928
   126     0.7675     0.5444    12.3933    62.8000    56.1080    67.0000     2.7928
   127     0.7725     0.5309    12.2738    62.8000    56.2720    67.0000     2.7928
   128     0.7593     0.5408    12.4033    63.0000    56.5440    67.0000     2.7928
   129     0.7825     0.5583    12.5608    63.2000    56.4160    67.0000     2.7928
   130     0.7766     0.5470    12.7747    64.0000    56.5960    67.0000     2.7928
   131     0.7650     0.5469    12.5959    63.6000    56.0920    67.0000     2.7928
   132     0.7700     0.5603    12.4976    63.6000    56.7160    67.0000     2.7928
   133     0.7843     0.5468    12.3837    63.6000    56.6400    67.0000     2.7928
   134     0.7643     0.6023    12.6018    63.0000    56.5480    67.0000     2.7928
   135     0.7795     0.5951    12.0816    64.6000    57.0400    67.0000     2.7928
   136     0.7750     0.5256    11.7117    64.6000    57.3800    67.0000     2.7928
   137     0.7675     0.5458    12.0354    63.8000    57.2320    67.0000     2.7928
   138     0.7850     0.5853    12.0622    64.2000    56.8680    67.0000     2.7928
   139     0.7750     0.5658    11.8678    63.8000    57.5000    67.0000     2.7928
   140     0.7768     0.5550    11.6963    63.6000    57.4480    67.0000     2.7928
   141     0.7792     0.5415    11.7920    63.2000    57.0760    67.0000     2.7928
   142     0.7725     0.5211    11.9536    63.6000    57.0400    67.0000     2.7928
   143     0.7775     0.5304    12.1762    63.8000    56.5520    67.0000     2.7928
   144     0.7625     0.5663    12.3551    63.8000    56.4880    67.0000     2.7928
   145     0.7743     0.5434    12.2986    63.4000    56.6200    67.0000     2.7928
   146     0.7600     0.5324    11.8749    63.2000    56.4000    67.0000     2.7928
   147     0.7625     0.5698    12.2759    62.4000    56.1160    67.0000     2.7928
   148     0.7768     0.5194    11.6382    62.6000    56.4880    67.0000     2.7928
   149     0.7825     0.5464    11.4312    63.6000    56.5520    67.0000     2.7928
   150     0.7800     0.5384    11.4309    63.2000    57.1520    67.0000     2.7928
   151     0.7800     0.5879    11.8802    63.4000    56.7360    67.0000     2.7928
   152     0.7708     0.5820    11.7799    63.2000    57.2400    67.0000     2.7928
   153     0.7700     0.5414    11.6939    64.0000    57.4600    67.0000     2.7928
   154     0.7800     0.5918    12.1520    63.6000    57.1160    67.0000     2.7928
   155     0.7775     0.5726    11.9086    64.2000    57.2680    67.0000     2.7928
   156     0.7925     0.5940    12.4802    64.2000    56.8240    67.0000     2.7928
   157     0.7725     0.5241    11.7564    64.2000    57.4800    67.0000     2.7928
   158     0.7775     0.5741    12.1660    64.0000    57.4400    67.0000     2.7928
   159     0.7750     0.5637    12.1435    64.0000    57.2560    67.0000     2.7928
   160     0.7675     0.5444    12.4616    63.2000    56.9200    67.0000     2.7928
   161     0.7743     0.5173    12.4795    63.2000    56.6560    67.0000     2.7928
   162     0.7775     0.5418    12.7551    63.8000    56.5360    67.0000     2.7928
   163     0.7675     0.5404    12.5476    63.0000    56.7760    67.0000     2.7928
   164     0.7675     0.5604    12.2495    63.2000    56.9040    67.0000     2.7928
   165     0.7675     0.5377    12.4439    63.2000    57.4400    67.0000     2.7928
   166     0.7825     0.5656    12.6744    63.4000    56.9040    67.0000     2.7928
   167     0.7850     0.5770    12.8023    63.6000    57.0040    67.0000     2.7928
   168     0.7725     0.5530    12.5589    64.8000    56.8600    67.0000     2.7928
   169     0.7850     0.5758    12.4271    63.4000    56.8040    67.0000     2.7928
   170     0.7650     0.5627    12.6155    63.4000    56.9200    67.0000     2.7928
   171     0.7575     0.5605    12.8526    62.6000    56.3720    67.0000     2.7928
   172     0.7675     0.5660    12.7151    62.4000    56.4400    67.0000     2.7928
   173     0.7675     0.5975    12.7389    62.8000    56.4240    67.0000     2.7928
   174     0.7694     0.5632    12.8754    62.8000    56.5400    67.0000     2.7928
   175     0.7750     0.5192    11.9182    63.2000    57.1120    67.0000     2.7928
   176     0.7825     0.5639    12.2438    63.8000    56.9320    67.0000     2.7928
   177     0.7694     0.5398    12.0472    64.0000    56.9360    67.0000     2.7928
   178     0.7614     0.5633    12.0449    63.4000    56.5520    67.0000     2.7928
   179     0.7500     0.5100    12.1311    63.0000    56.7080    67.0000     2.7928
   180     0.7721     0.5617    12.6451    63.4000    56.0040    67.0000     2.7928
   181     0.7600     0.5382    12.4325    63.2000    56.1720    67.0000     2.7928
   182     0.7650     0.5547    12.8994    62.8000    56.1040    67.0000     2.7928
   183     0.7673     0.5515    12.8420    63.4000    55.8360    67.0000     2.7928
   184     0.7514     0.5325    12.5006    63.0000    56.1880    67.0000     2.7928
   185     0.7750     0.5656    12.6981    62.6000    56.0560    67.0000     2.7928
   186     0.7700     0.5534    12.4413    63.8000    56.3280    67.0000     2.7928
   187     0.7725     0.5534    12.5546    62.8000    56.4440    67.0000     2.7928
   188     0.7725     0.5762    12.6501    62.4000    55.8800    67.0000     2.7928
   189     0.7575     0.5379    12.6013    62.6000    56.1040    67.0000     2.7928
   190     0.7750     0.5714    12.6818    62.6000    56.1360    67.0000     2.7928
   191     0.7550     0.5527    12.8694    63.6000    55.8040    67.0000     2.7928
   192     0.7500     0.5361    12.4762    62.8000    55.8120    67.0000     2.7928
   193     0.7625     0.5267    12.1806    61.8000    56.3640    67.0000     2.7928
   194     0.7575     0.5569    12.6828    62.2000    56.0160    67.0000     2.7928
   195     0.7742     0.5598    12.4914    63.6000    56.4560    67.0000     2.7928
   196     0.7800     0.5776    12.4692    63.2000    56.6200    67.0000     2.7928
   197     0.7650     0.5383    12.4137    63.2000    56.4280    67.0000     2.7928
   198     0.7625     0.5517    12.6149    63.0000    56.3320    67.0000     2.7928
   199     0.7700     0.5245    12.3976    63.6000    56.0120    67.0000     2.7928
   200     0.7700     0.5205    12.1185    63.8000    56.1760    67.0000     2.7928
   201     0.7562     0.5037    12.1407    64.0000    56.0160    67.0000     2.7928
   202     0.7589     0.5185    12.8549    62.2000    55.2640    67.0000     2.7928
   203     0.7550     0.5285    12.9847    62.8000    54.8000    67.0000     2.7928
   204     0.7445     0.5047    12.9314    62.4000    55.0520    67.0000     2.7928
   205     0.7475     0.5413    13.2581    62.0000    55.0600    67.0000     2.7928
   206     0.7475     0.4959    13.5365    62.0000    54.9280    67.0000     2.7928
   207     0.7618     0.5034    13.4869    62.0000    54.8960    67.0000     2.7928
   208     0.7550     0.5271    13.4242    62.6000    54.6800    67.0000     2.7928
   209     0.7500     0.5474    13.5812    62.8000    54.5320    67.0000     2.7928
   210     0.7600     0.4920    13.1799    62.4000    54.7640    67.0000     2.7928
   211     0.7575     0.5291    13.6736    61.4000    54.6000    67.0000     2.7928
   212     0.7550     0.5588    13.9339    62.2000    55.0520    67.0000     2.7928
   213     0.7700     0.5737    13.9353    62.2000    54.8480    67.0000     2.7928
   214     0.7725     0.5490    13.5096    63.0000    55.1720    67.0000     2.7928
   215     0.7718     0.5523    13.4238    63.4000    55.2840    67.0000     2.7928
   216     0.7550     0.5650    13.5102    62.4000    55.6000    67.0000     2.7928
   217     0.7517     0.5382    13.2927    62.4000    55.6320    67.0000     2.7928
   218     0.7550     0.5322    12.7982    62.2000    55.5320    67.0000     2.7928
   219     0.7575     0.5309    12.9543    62.4000    55.0720    67.0000     2.7928
   220     0.7500     0.5406    13.3771    61.8000    55.2320    67.0000     2.7928
   221     0.7550     0.5504    13.0614    62.4000    54.5280    67.0000     2.7928
   222     0.7500     0.5316    12.9714    62.4000    54.9080    67.0000     2.7928
   223     0.7568     0.5202    13.0064    62.0000    55.0720    67.0000     2.7928
   224     0.7700     0.5412    13.1234    62.2000    54.8440    67.0000     2.7928
   225     0.7525     0.5462    12.7035    63.0000    54.5920    67.0000     2.7928
   226     0.7335     0.5392    12.9081    62.4000    54.8360    67.0000     2.7928
   227     0.7600     0.5256    13.0537    61.2000    54.9360    67.0000     2.7928
   228     0.7625     0.5320    12.9246    62.2000    54.9440    67.0000     2.7928
   229     0.7619     0.5202    12.7017    62.8000    54.8600    67.0000     2.7928
   230     0.7550     0.5207    12.7024    64.0000    55.5160    67.0000     2.7928
   231     0.7792     0.5402    12.8908    63.4000    55.4680    67.0000     2.7928
   232     0.7775     0.5707    12.7696    63.4000    55.5080    67.0000     2.7928
   233     0.7775     0.5635    13.0678    62.8000    55.3000    67.0000     2.7928
   234     0.7750     0.5543    13.1600    63.6000    55.4080    67.0000     2.7928
   235     0.7593     0.5492    12.9722    64.6000    56.3400    67.2000     2.7928
   236     0.7619     0.5536    12.8487    63.6000    55.8520    67.2000     2.7928
   237     0.7425     0.5571    13.0340    64.2000    56.0600    67.2000     2.7928
   238     0.7725     0.6041    13.2885    63.0000    55.4840    67.2000     2.7928
   239     0.7675     0.4906    12.8869    63.6000    56.0480    67.2000     2.7928
   240     0.7625     0.5689    13.3321    63.2000    55.3320    67.2000     2.7928
   241     0.7619     0.5378    13.5593    63.0000    55.5720    67.2000     2.7928
   242     0.7650     0.4998    13.2826    62.8000    55.7600    67.2000     2.7928
   243     0.7675     0.5342    12.9543    63.8000    55.8920    67.2000     2.7928
   244     0.7825     0.5263    12.8733    63.6000    56.1520    67.2000     2.7928
   245     0.7850     0.5357    12.8916    64.6000    56.4320    67.2000     2.7928
   246     0.7850     0.5725    12.7574    65.2000    56.3560    67.2000     2.7928
   247     0.7750     0.5517    12.3907    64.2000    56.9960    67.2000     2.7928
   248     0.7825     0.5731    12.8111    64.4000    56.6800    67.2000     2.7928
   249     0.7867     0.5114    12.1585    64.6000    57.3240    67.2000     2.7928
   250     0.7750     0.5745    12.5499    63.6000    56.3640    67.2000     2.7928
   251     0.7825     0.5600    12.6214    65.2000    56.7360    67.2000     2.7928
   252     0.7650     0.5693    12.7203    64.2000    56.8680    67.2000     2.7928
   253     0.7675     0.5502    12.4155    64.0000    56.9760    67.2000     2.7928
   254     0.7725     0.5377    13.0178    63.6000    56.1200    67.2000     2.7928
   255     0.7550     0.5165    12.6233    64.2000    56.9800    67.4000     2.7928
   256     0.7543     0.5421    12.5595    62.8000    56.0560    67.4000     2.7928
   257     0.7500     0.5634    12.7367    64.0000    56.1520    67.4000     2.7928
   258     0.7550     0.5749    13.2642    62.6000    55.5720    67.4000     2.7928
   259     0.7650     0.5571    12.9639    62.8000    56.1320    67.4000     2.7928
   260     0.7625     0.5462    13.1620    62.8000    56.0640    67.4000     2.7928
   261     0.7725     0.5446    13.0909    64.2000    55.7800    67.6000     2.7928
   262     0.7625     0.5396    12.9122    64.2000    55.5720    67.8000     2.7928
   263     0.7625     0.5434    12.8967    63.6000    55.8960    67.8000     2.7928
   264     0.7545     0.5505    12.8682    63.8000    55.9400    67.8000     2.7928
   265     0.7593     0.5192    12.9009    63.4000    56.0920    67.8000     2.7928
   266     0.7600     0.5186    12.7706    63.0000    55.2720    67.8000     2.7928
   267     0.7550     0.5116    12.4155    61.8000    55.7040    67.8000     2.7928
   268     0.7625     0.5414    12.7273    63.4000    55.0360    67.8000     2.7928
   269     0.7625     0.5256    12.9051    63.0000    54.9320    67.8000     2.7928
   270     0.7775     0.5419    12.1515    63.0000    55.2920    67.8000     2.7928
   271     0.7550     0.5414    12.1112    63.6000    56.1320    67.8000     2.7928
   272     0.7500     0.5422    12.3905    62.8000    55.4440    67.8000     2.7928
   273     0.7675     0.5762    12.7256    62.6000    55.2160    67.8000     2.7928
   274     0.7625     0.5288    12.4831    62.4000    55.1560    67.8000     2.7928
   275     0.7650     0.5273    12.1056    62.8000    55.5640    67.8000     2.7928
   276     0.7675     0.5487    12.3398    63.4000    55.6920    67.8000     2.7928
   277     0.7475     0.5626    12.6769    62.8000    55.1920    67.8000     2.7928
   278     0.7600     0.5175    12.8980    62.6000    55.2000    67.8000     2.7928
   279     0.7625     0.5646    12.8565    62.4000    55.2280    67.8000     2.7928
   280     0.7625     0.4910    12.4852    63.4000    55.3440    67.8000     2.7928
   281     0.7499     0.5047    13.0069    62.6000    54.4720    67.8000     2.7928
   282     0.7800     0.5471    13.1940    63.6000    54.9200    67.8000     2.7928
   283     0.7546     0.5293    12.5577    63.8000    55.0880    67.8000     2.7928
   284     0.7850     0.5729    12.9783    63.4000    55.3160    67.8000     2.7928
   285     0.7725     0.5644    12.9718    64.8000    55.8840    67.8000     2.7928
   286     0.7800     0.5458    12.9329    63.6000    56.1920    67.8000     2.7928
   287     0.7695     0.5643    13.0176    63.6000    55.6560    67.8000     2.7928
   288     0.7710     0.5097    12.8219    64.4000    55.4960    67.8000     2.7928
   289     0.7520     0.4996    12.6018    64.0000    55.4080    67.8000     2.7928
   290     0.7500     0.5160    12.7691    62.6000    54.8480    67.8000     2.7928
   291     0.7400     0.5328    13.0462    62.4000    54.6160    67.8000     2.7928
   292     0.7425     0.5100    13.0578    61.6000    54.0320    67.8000     2.7928
   293     0.7313     0.5013    12.8289    61.8000    54.4200    67.8000     2.7928
   294     0.7450     0.5255    12.7858    61.8000    54.4160    67.8000     2.7928
   295     0.7638     0.5455    12.7704    63.0000    54.5680    67.8000     2.7928
   296     0.7575     0.5086    12.6679    62.8000    54.7480    67.8000     2.7928
   297     0.7694     0.5542    13.0162    63.0000    54.8960    67.8000     2.7928
   298     0.7550     0.5308    12.5771    62.6000    55.5280    67.8000     2.7928
   299     0.7500     0.5099    13.0023    61.6000    54.4600    67.8000     2.7928
   300     0.7675     0.5675    13.0299    62.6000    55.1880    67.8000     2.7928
   301     0.7575     0.5403    12.9930    62.8000    55.2840    67.8000     2.7928
   302     0.7650     0.5874    12.8247    62.2000    55.2040    67.8000     2.7928
   303     0.7588     0.5244    12.2741    63.2000    56.3120    67.8000     2.7928
   304     0.7675     0.5314    12.3987    63.8000    56.2600    67.8000     2.7928
   305     0.7675     0.5225    12.0705    64.4000    56.1760    67.8000     2.7928
   306     0.7875     0.5375    12.2065    64.0000    56.3000    67.8000     2.7928
   307     0.7750     0.5681    12.8049    64.8000    55.8920    67.8000     2.7928
   308     0.7625     0.5538    12.6558    64.8000    56.4240    67.8000     2.7928
   309     0.7892     0.5752    13.0553    65.2000    55.9640    67.8000     2.7928
   310     0.7675     0.5374    12.5884    64.0000    56.8560    67.8000     2.7928
   311     0.7700     0.5226    12.5365    62.8000    56.7200    67.8000     2.7928
   312     0.7750     0.5912    12.7079    63.8000    56.5280    67.8000     2.7928
   313     0.7675     0.5401    12.5871    62.8000    56.2800    68.0000     2.7928
   314     0.7567     0.5243    13.0062    63.4000    55.8160    68.0000     2.7928
   315     0.7600     0.5129    13.2567    62.2000    55.5640    68.0000     2.7928
   316     0.7775     0.5479    13.6504    63.0000    55.5840    68.0000     2.7928
   317     0.7725     0.5439    13.1497    62.8000    55.5160    68.0000     2.7928
   318     0.7800     0.5490    13.0965    64.4000    55.9240    68.2000     2.7928
   319     0.7663     0.5284    13.0183    64.0000    55.5640    68.2000     2.7928
   320     0.7625     0.5395    13.1138    65.0000    56.0840    68.2000     2.7928
   321     0.7733     0.5004    13.2462    64.4000    56.0880    68.2000     2.7928
   322     0.7675     0.5479    12.9695    64.0000    56.1840    68.2000     2.7928
   323     0.7660     0.5570    13.2268    63.6000    56.1680    68.2000     2.7928
   324     0.7675     0.5232    13.3587    63.8000    56.2080    68.2000     2.7928
   325     0.7701     0.5728    13.7897    64.0000    55.4680    68.2000     2.7928
   326     0.7975     0.5683    13.6449    65.0000    55.6560    68.2000     2.7928
   327     0.7650     0.5597    13.4393    64.6000    55.8040    68.2000     2.7928
   328     0.7825     0.5135    13.2536    64.4000    55.1640    68.2000     2.7928
   329     0.7900     0.5390    13.1633    64.2000    55.5080    68.2000     2.7928
   330     0.7750     0.5450    13.1107    63.6000    55.8920    68.2000     2.7928
   331     0.7775     0.5508    13.3143    63.0000    55.3240    68.2000     2.7928
   332     0.7750     0.5753    13.0524    63.8000    55.6720    68.2000     2.7928
   333     0.7675     0.5294    12.8410    62.8000    56.4760    68.2000     2.7928
   334     0.7825     0.5489    13.4478    63.6000    55.8240    68.2000     2.7928
   335     0.7650     0.5413    13.2348    64.0000    56.7240    68.2000     2.7928
   336     0.7875     0.5744    13.0176    64.0000    57.2200    68.6000     2.7928
   337     0.7729     0.5592    12.8433    64.4000    57.0760    68.6000     2.7928
   338     0.7950     0.5629    12.9993    64.2000    56.8440    68.6000     2.7928
   339     0.7950     0.5512    12.9669    64.2000    56.3360    68.6000     2.7928
   340     0.7850     0.5346    12.9066    65.0000    56.5160    68.6000     2.7928
   341     0.7725     0.5722    12.8694    64.8000    56.1360    68.8000     2.7928
   342     0.7750     0.5657    12.4153    63.4000    56.4600    68.8000     2.7928
   343     0.7825     0.5577    12.8893    64.0000    56.7000    68.8000     2.7928
   344     0.7762     0.5186    12.9763    65.2000    56.6400    68.8000     2.7928
   345     0.7736     0.5337    13.0952    64.2000    56.4520    68.8000     2.7928
   346     0.7483     0.5440    13.0242    64.4000    56.2280    68.8000     2.7928
   347     0.7725     0.5376    13.0158    64.6000    56.0760    68.8000     2.7928
   348     0.7950     0.5254    12.5853    65.0000    56.0200    68.8000     2.7928
   349     0.7675     0.5704    12.8694    64.8000    55.5320    68.8000     2.7928
   350     0.8000     0.5400    12.1887    65.4000    56.7160    68.8000     2.7928
   351     0.7687     0.5190    12.3207    64.6000    56.9320    68.8000     2.7928
   352     0.7668     0.5745    12.7497    63.6000    56.0840    68.8000     2.7928
   353     0.7900     0.5325    12.4758    64.2000    56.1600    68.8000     2.7928
   354     0.7718     0.5373    12.8007    65.0000    56.3840    69.2000     2.7928
   355     0.7754     0.5667    12.9904    64.8000    56.0200    69.2000     2.7928
   356     0.7658     0.5418    12.6072    64.6000    56.4520    69.2000     2.7928
   357     0.7669     0.5145    12.7247    64.8000    56.5320    69.2000     2.7928
   358     0.7687     0.5445    13.1768    63.8000    56.0000    69.2000     2.7928
   359     0.7775     0.5622    13.3827    64.2000    56.0600    69.2000     2.7928
   360     0.8012     0.5573    13.0857    65.4000    56.1920    69.2000     2.7928
   361     0.8008     0.5722    12.9316    66.0000    56.8160    69.2000     2.7928
   362     0.7825     0.5553    12.8514    66.0000    56.8000    69.2000     2.7928
   363     0.7850     0.5480    12.3819    64.4000    57.1920    69.2000     2.7928
   364     0.7850     0.5687    12.8834    64.8000    56.8600    69.2000     2.7928
   365     0.7950     0.5686    12.2607    65.4000    57.5360    69.2000     2.7928
   366     0.7817     0.5563    12.6016    66.0000    57.9080    69.2000     2.7928
   367     0.8000     0.5918    12.3737    66.0000    57.5840    69.2000     2.7928
   368     0.7992     0.5778    12.1254    66.4000    58.0520    69.2000     2.7928
   369     0.7963     0.5722    12.3148    65.4000    57.8200    69.2000     2.7928
   370     0.7925     0.5417    12.3912    65.4000    57.3520    69.2000     2.7928
   371     0.7750     0.5766    12.4358    64.8000    57.1600    69.2000     2.7928
   372     0.7800     0.5446    12.6508    65.6000    56.4280    69.2000     2.7928
   373     0.7800     0.5428    13.0188    63.8000    55.8560    69.2000     2.7928
   374     0.7850     0.5422    12.0069    64.8000    57.3760    69.2000     2.7928
   375     0.7843     0.5751    11.9647    64.6000    57.3040    69.2000     2.7928
   376     0.7925     0.5445    11.5019    64.6000    57.5200    69.2000     2.7928
   377     0.8150     0.5363    12.1087    65.6000    57.3800    69.2000     2.7928
   378     0.7875     0.5356    12.0405    65.2000    57.4720    69.2000     2.7928
   379     0.7843     0.5263    12.3773    64.4000    56.5880    69.2000     2.7928
   380     0.7819     0.5669    12.4149    66.0000    56.8280    69.6000     2.7928
   381     0.7725     0.5410    12.5022    64.0000    56.6440    69.6000     2.7928
   382     0.7826     0.5623    12.6090    65.2000    56.7240    69.6000     2.7928
   383     0.7925     0.5755    13.0222    65.6000    55.9240    69.6000     2.7928
   384     0.7750     0.5647    12.7314    65.6000    57.0080    69.6000     2.7928
   385     0.7850     0.5796    12.5943    65.0000    57.4680    69.6000     2.7928
   386     0.7900     0.5110    12.2407    65.2000    57.5560    69.6000     2.7928
   387     0.7900     0.5697    11.9641    64.8000    57.3360    69.6000     2.7928
   388     0.7925     0.5827    12.4359    64.8000    57.5640    69.6000     2.7928
   389     0.7918     0.5343    11.6563    65.0000    58.0200    69.6000     2.7928
   390     0.7875     0.5330    11.6490    65.0000    58.0400    69.6000     2.7928
   391     0.7917     0.5719    11.9332    65.6000    57.7600    69.6000     2.7928
   392     0.7843     0.5307    11.9329    65.2000    57.9840    69.6000     2.7928
   393     0.8075     0.5496    11.8057    65.2000    58.0000    69.6000     2.7928
   394     0.8125     0.5601    11.7344    65.8000    57.6360    69.6000     2.7928
   395     0.8025     0.5710    12.3760    66.4000    57.3080    69.6000     2.7928
   396     0.7950     0.5364    11.8606    66.2000    57.7760    69.6000     2.7928
   397     0.7875     0.5643    12.2250    66.2000    57.6880    69.6000     2.7928
   398     0.7850     0.5720    12.2341    64.8000    57.4240    69.6000     2.7928
   399     0.8000     0.5782    12.4736    65.4000    56.9720    69.6000     2.7928
   400     0.7832     0.5658    12.6911    65.6000    56.9480    69.6000     2.7928
   401     0.7954     0.5747    12.5517    66.0000    57.5320    69.6000     2.7928
   402     0.7900     0.5679    12.3393    65.8000    58.3440    69.6000     2.7928
   403     0.7925     0.5249    12.1223    65.6000    58.4000    69.6000     2.7928
   404     0.7800     0.5428    12.5060    64.6000    58.1280    69.6000     2.7928
   405     0.7918     0.5568    13.0096    65.2000    57.2160    69.6000     2.7928
   406     0.7850     0.5486    12.6245    65.6000    57.5240    69.6000     2.7928
   407     0.7943     0.5878    12.7207    64.8000    57.4400    69.6000     2.7928
   408     0.7917     0.5821    12.4082    65.0000    57.8920    69.8000     2.7928
   409     0.8000     0.5567    12.4913    65.8000    57.9920    69.8000     2.7928
   410     0.8050     0.5544    12.9767    65.2000    57.2240    69.8000     2.7928
   411     0.7900     0.5379    12.6699    65.8000    57.7040    69.8000     2.7928
   412     0.8000     0.5670    12.5719    66.4000    57.6160    69.8000     2.7928
   413     0.7743     0.5513    12.5048    65.2000    57.5840    69.8000     2.7928
   414     0.7800     0.5571    12.6873    65.0000    56.7720    69.8000     2.7928
   415     0.7950     0.5641    12.7758    64.2000    56.6720    69.8000     2.7928
   416     0.7861     0.5791    12.6178    65.6000    56.8200    69.8000     2.7928
   417     0.7891     0.5761    12.3992    65.2000    57.2520    69.8000     2.7928
   418     0.7963     0.5634    12.2922    65.6000    57.6840    69.8000     2.7928
   419     0.8075     0.5584    12.3750    65.8000    57.4800    69.8000     2.7928
   420     0.7825     0.5695    12.3798    66.4000    57.7040    69.8000     2.7928
   421     0.7750     0.5375    12.4196    65.8000    57.4800    69.8000     2.7928
   422     0.7900     0.5500    12.3288    65.4000    57.7880    69.8000     2.7928
   423     0.7884     0.5348    12.6684    65.6000    57.4640    69.8000     2.7928
   424     0.7850     0.5201    12.2456    66.2000    57.4400    69.8000     2.7928
   425     0.7875     0.5582    12.8772    65.4000    57.0160    69.8000     2.7928
   426     0.7875     0.5176    12.3850    64.2000    57.0800    69.8000     2.7928
   427     0.7725     0.5498    12.3990    64.8000    57.2440    69.8000     2.7928
   428     0.7900     0.5357    12.1695    64.8000    57.2920    69.8000     2.7928
   429     0.8008     0.5742    12.0841    65.8000    57.1120    69.8000     2.7928
   430     0.7806     0.5593    12.1136    65.6000    57.5240    69.8000     2.7928
   431     0.7992     0.5661    12.0664    65.4000    57.2800    69.8000     2.7928
   432     0.7979     0.5525    12.0555    66.4000    57.1080    70.0000     2.7928
   433     0.7829     0.5603    12.3478    66.2000    56.9440    70.0000     2.7928
   434     0.7742     0.5383    12.1522    65.6000    57.0400    70.0000     2.7928
   435     0.7808     0.5491    12.5197    65.2000    56.5800    70.0000     2.7928
   436     0.8000     0.5664    12.2070    65.8000    57.1240    70.0000     2.7928
   437     0.7700     0.5694    12.5096    64.2000    57.1000    70.0000     2.7928
   438     0.7925     0.5678    12.4400    64.6000    56.5160    70.0000     2.7928
   439     0.7750     0.5232    12.2059    64.8000    56.9480    70.0000     2.7928
   440     0.7667     0.5427    12.3174    64.2000    56.3720    70.0000     2.7928
   441     0.7700     0.5436    12.1425    64.4000    56.5200    70.0000     2.7928
   442     0.7900     0.5212    11.7215    64.4000    56.9880    70.0000     2.7928
   443     0.7918     0.5469    11.7923    65.4000    56.7680    70.0000     2.7928
   444     0.7887     0.5263    11.9164    64.8000    57.3240    70.0000     2.7928
   445     0.7825     0.5509    11.5629    66.0000    57.5520    70.0000     2.7928
   446     0.7850     0.4784    11.4630    65.8000    57.3560    70.0000     2.7928
   447     0.8000     0.5527    11.7931    64.8000    57.0960    70.0000     2.7928
   448     0.7875     0.5729    11.5969    65.0000    57.5920    70.0000     2.7928
   449     0.7925     0.5262    11.7861    65.2000    57.5720    70.0000     2.7928
   450     0.7750     0.5486    12.1012    64.6000    57.1880    70.0000     2.7928
   451     0.7725     0.5517    12.2336    64.8000    57.2840    70.0000     2.7928
   452     0.7650     0.5303    12.2792    64.0000    57.0240    70.0000     2.7928
   453     0.7825     0.5586    12.3554    64.8000    56.1960    70.0000     2.7928
   454     0.8040     0.5636    12.8968    65.6000    55.6880    70.0000     2.7928
   455     0.7850     0.5309    12.8749    66.0000    56.6600    70.0000     2.7928
   456     0.7644     0.5546    12.8939    64.0000    56.3720    70.0000     2.7928
   457     0.7693     0.5761    12.9585    64.4000    55.8960    70.0000     2.7928
   458     0.7482     0.5045    12.8833    64.2000    56.0600    70.0000     2.7928
   459     0.7675     0.5279    13.5252    64.2000    55.7640    70.0000     2.7928
   460     0.7825     0.5743    13.4560    64.2000    55.6840    70.0000     2.7928
   461     0.7950     0.5777    13.1187    65.2000    56.6240    70.0000     2.7928
   462     0.8016     0.5783    12.8744    65.0000    57.6120    70.0000     2.7928
   463     0.7900     0.5312    12.6939    66.4000    57.2960    70.0000     2.7928
   464     0.7875     0.5797    12.6638    65.2000    57.5640    70.0000     2.7928
   465     0.7769     0.5543    12.7195    66.4000    57.6400    70.0000     2.7928
   466     0.7875     0.5335    12.6421    67.4000    57.2960    70.0000     2.7928
   467     0.7925     0.5509    12.2550    65.4000    57.2480    70.0000     2.7928
   468     0.7900     0.5687    12.2424    65.8000    57.0520    70.0000     2.7928
   469     0.8000     0.4740    11.9239    65.4000    57.4360    70.0000     2.7928
   470     0.7650     0.5574    12.2686    64.8000    57.1560    70.0000     2.7928
   471     0.7900     0.5844    12.5504    65.4000    57.0080    70.0000     2.7928
   472     0.8050     0.5664    11.8754    66.6000    58.0640    70.2000     2.7928
   473     0.7894     0.5565    12.0087    66.2000    57.9080    70.2000     2.7928
   474     0.7850     0.5478    12.3202    64.8000    57.2640    70.2000     2.7928
   475     0.7792     0.5356    12.2495    65.0000    57.1160    70.2000     2.7928
   476     0.7750     0.5545    12.5045    64.8000    56.9920    70.2000     2.7928
   477     0.7650     0.5587    12.3011    65.0000    56.7480    70.2000     2.7928
   478     0.7875     0.5443    12.1313    64.8000    57.2200    70.2000     2.7928
   479     0.7842     0.5871    12.5861    65.2000    56.6960    70.2000     2.7928
   480     0.7942     0.5433    12.0362    65.4000    57.0240    70.2000     2.7928
   481     0.8050     0.5416    12.2968    64.6000    56.6960    70.2000     2.7928
   482     0.8100     0.5467    12.3429    65.6000    56.9080    70.2000     2.7928
   483     0.7788     0.5285    12.1977    65.8000    56.7800    70.2000     2.7928
   484     0.7950     0.5344    12.0488    65.4000    56.8320    70.2000     2.7928
   485     0.7875     0.5833    12.6500    64.4000    56.6600    70.2000     2.7928
   486     0.7893     0.5926    12.4132    64.4000    57.1160    70.2000     2.7928
   487     0.7983     0.6003    12.3631    65.6000    57.4520    70.2000     2.7928
   488     0.8116     0.5456    12.0335    66.2000    58.2280    70.2000     2.7928
   489     0.7984     0.5771    12.0697    65.6000    58.4200    70.2000     2.7928
   490     0.8075     0.6053    12.0983    65.4000    58.2880    70.2000     2.7928
   491     0.7938     0.5382    11.6358    66.4000    59.4880    70.2000     2.7928
   492     0.7850     0.5744    12.1339    65.6000    58.4120    70.2000     2.7928
   493     0.7975     0.5351    11.7535    64.8000    57.9800    70.2000     2.7928
   494     0.7850     0.5344    12.1040    65.0000    57.6280    70.2000     2.7928
   495     0.7900     0.5401    12.1244    64.2000    57.0080    70.2000     2.7928
   496     0.8025     0.5237    12.3290    66.4000    57.1880    70.2000     2.7928
   497     0.7718     0.5478    12.7104    65.4000    56.4840    70.2000     2.7928
   498     0.7829     0.5377    12.5045    64.8000    57.0120    70.2000     2.7928
   499     0.7875     0.5485    12.5066    65.2000    56.8720    70.2000     2.7928
   500     0.7886     0.5670    12.4981    65.0000    56.8600    70.2000     2.7928
   501     0.7850     0.5522    12.1535    65.4000    57.2680    70.2000     2.7928
   502     0.7867     0.5559    12.4454    64.8000    57.4960    70.2000     2.7928
   503     0.7875     0.5499    12.6318    64.6000    57.2040    70.2000     2.7928
   504     0.7775     0.5445    12.5739    65.4000    57.3400    70.2000     2.7928
   505     0.7775     0.5434    12.8614    66.4000    56.2680    70.2000     2.7928
   506     0.8040     0.5045    12.6108    65.6000    56.1600    70.2000     2.7928
   507     0.7825     0.5507    13.0599    66.0000    56.2480    70.4000     2.7928
   508     0.7925     0.5587    12.4518    64.8000    56.8560    70.4000     2.7928
   509     0.7800     0.5392    12.0162    64.4000    57.5800    70.4000     2.7928
   510     0.7915     0.5525    12.0149    64.8000    57.7400    70.4000     2.7928
   511     0.7769     0.5637    11.6807    66.2000    57.7520    70.4000     2.7928
   512     0.7793     0.5956    11.9030    65.0000    57.7000    70.4000     2.7928
   513     0.7850     0.5827    11.8160    64.8000    57.3080    70.4000     2.7928
   514     0.7994     0.5676    11.9933    65.0000    57.3280    70.4000     2.7928
   515     0.7994     0.5532    12.1491    65.0000    57.4600    70.4000     2.7928
   516     0.7950     0.5312    12.2875    65.8000    57.4280    70.4000     2.7928
   517     0.7825     0.5442    11.9190    65.4000    57.6800    70.4000     2.7928
   518     0.8000     0.5615    12.1203    67.2000    57.1920    70.6000     2.7928
   519     0.7925     0.5707    12.1510    66.4000    57.2400    70.6000     2.7928
   520     0.7875     0.5698    12.2403    65.2000    56.9480    70.6000     2.7928
   521     0.7964     0.5753    11.6113    65.2000    58.0520    70.6000     2.7928
   522     0.7675     0.5363    11.9229    66.2000    58.1080    70.8000     2.7928
   523     0.7643     0.5425    12.4274    65.4000    56.7960    70.8000     2.7928
   524     0.7775     0.5320    12.3835    65.4000    56.4560    70.8000     2.7928
   525     0.7900     0.5654    12.3491    64.8000    56.0320    70.8000     2.7928
   526     0.7725     0.5008    11.7607    66.0000    57.0800    70.8000     2.7928
   527     0.7800     0.5270    11.9693    64.6000    56.5520    70.8000     2.7928
   528     0.7825     0.5148    12.1394    65.2000    56.7240    70.8000     2.7928
   529     0.7825     0.5420    12.2415    64.8000    56.4840    70.8000     2.7928
   530     0.7875     0.5284    12.3659    65.4000    55.8560    70.8000     2.7928
   531     0.7542     0.5120    12.7680    64.2000    55.4080    70.8000     2.7928
   532     0.7538     0.4960    12.5940    64.2000    54.9400    70.8000     2.7928
   533     0.7645     0.5478    13.2000    63.6000    54.8440    70.8000     2.7928
   534     0.7625     0.5196    12.4878    63.2000    55.6440    70.8000     2.7928
   535     0.7600     0.5072    12.3078    64.4000    55.5280    70.8000     2.7928
   536     0.7743     0.5397    12.7613    63.4000    54.9600    70.8000     2.7928
   537     0.7800     0.5259    12.4625    64.8000    55.8000    70.8000     2.7928
   538     0.7666     0.5437    12.2065    64.0000    56.0840    70.8000     2.7928
   539     0.7825     0.5506    12.5843    64.0000    55.7120    70.8000     2.7928
   540     0.7450     0.5451    12.7123    64.2000    55.4240    70.8000     2.7928
   541     0.7825     0.5354    13.1868    64.6000    54.8840    70.8000     2.7928
   542     0.7644     0.5335    13.1334    64.6000    54.9200    70.8000     2.7928
   543     0.7669     0.5817    13.6023    62.6000    54.7200    70.8000     2.7928
   544     0.7688     0.5639    13.6869    63.6000    55.0080    70.8000     2.7928
   545     0.7800     0.5713    13.3938    63.8000    55.5440    70.8000     2.7928
   546     0.7675     0.5479    13.2498    64.4000    56.1920    70.8000     2.7928
   547     0.7700     0.5682    12.7349    63.8000    56.4120    70.8000     2.7928
   548     0.7690     0.5390    12.7285    64.6000    56.3920    70.8000     2.7928
   549     0.7650     0.5514    12.4487    64.4000    56.0560    70.8000     2.7928
   550     0.7700     0.5400    12.7786    64.8000    56.4040    70.8000     2.7928
   551     0.7751     0.5389    12.9331    65.4000    56.1960    70.8000     2.7928
   552     0.7819     0.5558    13.1592    65.6000    56.0160    70.8000     2.7928
   553     0.7975     0.5439    13.2109    65.4000    56.2160    70.8000     2.7928
   554     0.7775     0.5125    12.7358    66.6000    56.4520    70.8000     2.7928
   555     0.7568     0.5744    12.9740    66.2000    56.0320    70.8000     2.7928
   556     0.7750     0.5044    11.9711    64.8000    56.7080    70.8000     2.7928
   557     0.7775     0.5720    12.8692    65.0000    56.3200    70.8000     2.7928
   558     0.7842     0.5541    12.3775    64.4000    56.8400    70.8000     2.7928
   559     0.7950     0.5556    12.2516    64.0000    57.1000    70.8000     2.7928
   560     0.7926     0.5540    12.7358    66.0000    57.4040    70.8000     2.7928
   561     0.7825     0.5840    12.2661    66.0000    57.8560    70.8000     2.7928
   562     0.7950     0.5554    12.4555    64.6000    57.9280    70.8000     2.7928
   563     0.7900     0.5346    12.6896    64.8000    57.8360    70.8000     2.7928
   564     0.8000     0.5455    12.8402    64.6000    57.2040    70.8000     2.7928
   565     0.7881     0.5774    12.5638    64.6000    56.9600    70.8000     2.7928
   566     0.7900     0.5567    12.5040    65.6000    57.6280    70.8000     2.7928
   567     0.7900     0.5141    12.4955    65.2000    57.6840    70.8000     2.7928
   568     0.7941     0.5184    13.0593    65.2000    56.6320    70.8000     2.7928
   569     0.7950     0.5399    12.8857    65.6000    56.6280    70.8000     2.7928
   570     0.7973     0.5596    13.0184    65.6000    56.3920    70.8000     2.7928
   571     0.7851     0.5145    12.6354    66.2000    56.9120    70.8000     2.7928
   572     0.7875     0.5397    13.3207    65.2000    56.4160    70.8000     2.7928
   573     0.8150     0.5452    12.6431    66.2000    57.1480    70.8000     2.7928
   574     0.8100     0.5430    12.5582    65.8000    57.4640    70.8000     2.7928
   575     0.7825     0.5259    12.4531    65.8000    57.4680    70.8000     2.7928
   576     0.8033     0.5396    12.3365    65.0000    57.0760    70.8000     2.7928
   577     0.7825     0.5206    12.0584    65.8000    57.8080    70.8000     2.7928
   578     0.8025     0.5612    12.0477    65.6000    57.0040    70.8000     2.7928
   579     0.7816     0.5805    11.9915    66.0000    57.0520    70.8000     2.7928
   580     0.7791     0.5527    11.7628    64.8000    57.3800    70.8000     2.7928
   581     0.8050     0.5718    11.9476    64.6000    57.5080    70.8000     2.7928
   582     0.8100     0.5762    12.0291    66.6000    58.1520    70.8000     2.7928
   583     0.7925     0.5530    11.9913    66.2000    58.1800    70.8000     2.7928
   584     0.7925     0.5677    12.5113    65.6000    57.4520    70.8000     2.7928
   585     0.8100     0.5697    12.0562    67.0000    58.3880    70.8000     2.7928
   586     0.8000     0.5620    11.7296    66.0000    58.0120    70.8000     2.7928
   587     0.7725     0.5468    11.9127    64.8000    58.1040    70.8000     2.7928
   588     0.8265     0.5717    11.8428    66.8000    57.2840    70.8000     2.7928
   589     0.8075     0.5829    11.4715    66.8000    58.0040    70.8000     2.7928
   590     0.8050     0.5426    11.2057    65.6000    58.6520    70.8000     2.7928
   591     0.7950     0.5607    11.3652    66.6000    58.5360    70.8000     2.7928
   592     0.7900     0.5555    11.4532    65.6000    57.6760    70.8000     2.7928
   593     0.7850     0.5210    11.6003    65.6000    57.9080    70.8000     2.7928
   594     0.7967     0.5561    11.9138    66.2000    57.1760    70.8000     2.7928
   595     0.8025     0.5929    11.7220    66.4000    57.3840    70.8000     2.7928
   596     0.8025     0.5630    11.6958    66.4000    57.5160    70.8000     2.7928
   597     0.7900     0.5529    12.0263    66.2000    57.7120    70.8000     2.7928
   598     0.7850     0.5510    11.9430    65.6000    57.2760    70.8000     2.7928
   599     0.8025     0.5622    12.0181    66.0000    57.2280    70.8000     2.7928
   600     0.7875     0.5462    12.2614    66.4000    57.8840    70.8000     2.7928
   601     0.7768     0.5429    12.2276    65.8000    57.9520    70.8000     2.7928
   602     0.8132     0.5442    11.7657    66.4000    57.4720    70.8000     2.7928
   603     0.7775     0.5403    11.8131    66.6000    57.5240    70.8000     2.7928
   604     0.7910     0.5420    11.9851    65.2000    57.6760    70.8000     2.7928
   605     0.7875     0.5947    12.4113    66.2000    56.8680    70.8000     2.7928
   606     0.7900     0.5373    12.2878    65.8000    56.8320    70.8000     2.7928
   607     0.7875     0.4935    11.6274    65.0000    58.1560    70.8000     2.7928
   608     0.8025     0.5612    12.5291    66.0000    56.6920    70.8000     2.7928
   609     0.7800     0.5345    12.4501    65.4000    56.7600    70.8000     2.7928
   610     0.7973     0.5556    12.1202    66.8000    56.8160    70.8000     2.7928
   611     0.8025     0.5669    12.1233    66.8000    56.0160    70.8000     2.7928
   612     0.7875     0.5527    12.2527    65.6000    56.9560    70.8000     2.7928
   613     0.7875     0.5483    12.2882    64.6000    56.4440    70.8000     2.7928
   614     0.7850     0.5234    12.1447    65.6000    56.3400    70.8000     2.7928
   615     0.7925     0.5621    12.2501    64.8000    56.5760    70.8000     2.7928
   616     0.7875     0.5087    11.8833    65.6000    56.9920    70.8000     2.7928
   617     0.7775     0.5381    12.1450    65.2000    56.9080    70.8000     2.7928
   618     0.7750     0.5501    12.0038    64.4000    56.7040    70.8000     2.7928
   619     0.7693     0.4989    11.7326    64.0000    56.1200    70.8000     2.7928
   620     0.7775     0.5021    11.6118    63.2000    56.0440    70.8000     2.7928
   621     0.7725     0.5242    12.0361    64.4000    55.8720    70.8000     2.7928
   622     0.7950     0.6120    12.2082    64.4000    56.2080    70.8000     2.7928
   623     0.7725     0.5420    11.9798    64.4000    56.4960    70.8000     2.7928
   624     0.7794     0.5308    12.2047    65.0000    57.0760    70.8000     2.7928
   625     0.7925     0.5175    12.1866    65.8000    56.8880    70.8000     2.7928
   626     0.7810     0.5066    12.3280    65.8000    56.4200    70.8000     2.7928
   627     0.7866     0.5664    12.7620    64.8000    55.3600    70.8000     2.7928
   628     0.7900     0.5718    12.3582    63.8000    55.5600    70.8000     2.7928
   629     0.7625     0.5251    12.4384    65.2000    56.4200    70.8000     2.7928
   630     0.7645     0.5371    13.0940    64.2000    55.3360    70.8000     2.7928
   631     0.7675     0.5493    13.1762    64.0000    54.8960    70.8000     2.7928
   632     0.7650     0.5331    12.6036    64.6000    54.9680    70.8000     2.7928
   633     0.7710     0.5328    12.3016    64.2000    55.1560    70.8000     2.7928
   634     0.7900     0.5927    12.6648    64.6000    55.3360    70.8000     2.7928
   635     0.7850     0.5741    12.4346    64.4000    55.1160    70.8000     2.7928
   636     0.7750     0.5340    12.2292    63.8000    56.0200    70.8000     2.7928
   637     0.7750     0.5687    12.3353    63.8000    55.6200    70.8000     2.7928
   638     0.7750     0.5463    12.3082    65.0000    55.9360    70.8000     2.7928
   639     0.7950     0.4749    11.9102    64.8000    56.4040    70.8000     2.7928
   640     0.7716     0.5276    11.9244    65.8000    56.6520    70.8000     2.7928
   641     0.7875     0.5200    12.0758    64.6000    56.2280    70.8000     2.7928
   642     0.7875     0.5056    11.9200    65.2000    57.0320    70.8000     2.7928
   643     0.7675     0.5473    12.1344    65.4000    56.4560    70.8000     2.7928
   644     0.7744     0.5151    11.9611    64.4000    56.4400    70.8000     2.7928
   645     0.7871     0.5476    12.1584    64.8000    56.2080    70.8000     2.7928
   646     0.7850     0.5321    12.0284    64.6000    56.6040    70.8000     2.7928
   647     0.7675     0.5472    12.3050    64.8000    55.7600    70.8000     2.7928
   648     0.7775     0.5489    11.8534    64.2000    56.3840    70.8000     2.7928
   649     0.7719     0.5180    12.1202    64.4000    55.9240    70.8000     2.7928
   650     0.7750     0.5361    12.2810    64.2000    56.0040    70.8000     2.7928
   651     0.7775     0.5479    12.5249    64.0000    55.6080    70.8000     2.7928
   652     0.7942     0.5134    12.6296    65.2000    55.7440    70.8000     2.7928
   653     0.7875     0.5254    12.8780    65.2000    56.2320    70.8000     2.7928
   654     0.7875     0.5606    13.1409    65.2000    55.4760    70.8000     2.7928
   655     0.7850     0.5245    12.8113    66.2000    55.6000    70.8000     2.7928
   656     0.7767     0.5278    13.1871    66.2000    55.5360    70.8000     2.7928
   657     0.7670     0.5443    12.9211    64.6000    55.6560    70.8000     2.7928
   658     0.7617     0.5414    13.5593    64.0000    55.3520    70.8000     2.7928
   659     0.7750     0.5403    13.1084    63.8000    55.7720    70.8000     2.7928
   660     0.7786     0.5221    13.0424    65.4000    56.0960    70.8000     2.7928
   661     0.7725     0.5353    13.4601    64.2000    55.5680    70.8000     2.7928
   662     0.7625     0.5526    13.2485    64.0000    55.0680    70.8000     2.7928
   663     0.7692     0.4966    12.8599    65.2000    55.3840    70.8000     2.7928
   664     0.7513     0.5327    12.9758    65.0000    55.2360    70.8000     2.7928
   665     0.7600     0.5385    13.0516    64.8000    55.3720    70.8000     2.7928
   666     0.7763     0.5566    12.6937    64.2000    55.6200    70.8000     2.7928
   667     0.7725     0.5552    12.6782    63.8000    55.8760    70.8000     2.7928
   668     0.7725     0.5322    12.7806    65.2000    55.8360    70.8000     2.7928
   669     0.7737     0.5444    12.2273    66.0000    56.7880    70.8000     2.7928
   670     0.7910     0.5432    12.3693    65.8000    56.2760    70.8000     2.7928
   671     0.7825     0.5330    12.6359    64.6000    56.0080    70.8000     2.7928
   672     0.7717     0.4868    12.5200    64.8000    55.6640    70.8000     2.7928
   673     0.8117     0.5785    12.6865    65.4000    55.3880    70.8000     2.7928
   674     0.7900     0.5590    12.0524    66.2000    56.8840    70.8000     2.7928
   675     0.7900     0.5332    12.0034    65.4000    56.6920    70.8000     2.7928
   676     0.7792     0.5765    11.8955    65.8000    57.2160    70.8000     2.7928
   677     0.7812     0.5326    11.9758    65.8000    56.7440    70.8000     2.7928
   678     0.7825     0.5583    12.0287    65.6000    56.9800    70.8000     2.7928
   679     0.7719     0.5367    12.2103    65.0000    57.1320    70.8000     2.7928
   680     0.7875     0.5762    12.7905    64.6000    56.3320    70.8000     2.7928
   681     0.7793     0.5339    12.5660    64.4000    56.7960    70.8000     2.7928
   682     0.7625     0.5367    12.5273    64.2000    56.2480    70.8000     2.7928
   683     0.7769     0.5256    12.3966    65.2000    56.6800    70.8000     2.7928
   684     0.7925     0.5576    12.5096    64.4000    56.1320    70.8000     2.7928
   685     0.7850     0.5475    12.5517    64.6000    56.1040    70.8000     2.7928
   686     0.7650     0.5685    13.1313    64.6000    55.6800    70.8000     2.7928
   687     0.7807     0.5601    13.2318    64.2000    55.5760    70.8000     2.7928
   688     0.8075     0.5637    13.0323    65.8000    56.1760    71.0000     2.7928
   689     0.7950     0.5090    12.3464    65.4000    56.7960    71.0000     2.7928
   690     0.7867     0.5615    12.9510    65.2000    56.3000    71.0000     2.7928
   691     0.7800     0.5578    12.8313    65.0000    56.2480    71.0000     2.7928
   692     0.7669     0.5321    12.8147    64.2000    56.0680    71.0000     2.7928
   693     0.7975     0.5071    12.2909    65.0000    56.0400    71.0000     2.7928
   694     0.7700     0.5420    12.4611    64.2000    55.7080    71.0000     2.7928
   695     0.7725     0.5581    12.5768    63.8000    56.3600    71.0000     2.7928
   696     0.7900     0.5618    12.7244    64.6000    57.5600    71.0000     2.7928
   697     0.7942     0.5706    12.5979    66.0000    57.1600    71.0000     2.7928
   698     0.7825     0.5494    12.7553    65.4000    56.8760    71.0000     2.7928
   699     0.7750     0.5603    12.6568    65.4000    56.9840    71.0000     2.7928
   700     0.7687     0.5479    12.8591    66.6000    56.5800    71.2000     2.7928
   701     0.7825     0.5440    12.8163    64.6000    55.9560    71.2000     2.7928
   702     0.7700     0.5393    12.3887    64.0000    55.6600    71.2000     2.7928
   703     0.7591     0.5737    12.4759    63.2000    55.4320    71.2000     2.7928
   704     0.7727     0.5185    12.5590    64.2000    55.6280    71.2000     2.7928
   705     0.7644     0.5603    12.5677    63.6000    55.5160    71.2000     2.7928
   706     0.7675     0.5452    12.4681    63.8000    55.9120    71.2000     2.7928
   707     0.7825     0.5672    12.8790    63.8000    55.6280    71.2000     2.7928
   708     0.7700     0.5414    12.8844    64.4000    55.8840    71.2000     2.7928
   709     0.7575     0.5605    13.1938    63.0000    54.7800    71.2000     2.7928
   710     0.7875     0.5192    12.4976    65.0000    55.6440    71.2000     2.7928
   711     0.7925     0.5512    13.0805    65.4000    55.4920    71.2000     2.7928
   712     0.7850     0.5606    12.7409    64.6000    56.3360    71.2000     2.7928
   713     0.7842     0.5768    13.3127    63.6000    55.5920    71.2000     2.7928
   714     0.7581     0.5141    12.8656    64.8000    56.7520    71.2000     2.7928
   715     0.7718     0.5686    13.2442    64.8000    56.3960    71.2000     2.7928
   716     0.7750     0.5266    13.2790    64.8000    55.8400    71.2000     2.7928
   717     0.7829     0.5558    13.0975    64.4000    55.9080    71.2000     2.7928
   718     0.7925     0.5176    12.9006    65.0000    55.9000    71.2000     2.7928
   719     0.7869     0.5440    13.2728    65.0000    55.3560    71.2000     2.7928
   720     0.7750     0.5027    13.0142    64.2000    55.9960    71.2000     2.7928
   721     0.7663     0.5297    13.2970    63.8000    55.3120    71.2000     2.7928
   722     0.7666     0.5171    13.0398    64.6000    54.9840    71.2000     2.7928
   723     0.7675     0.5487    13.5117    65.4000    54.6680    72.0000     2.7928
   724     0.7837     0.5639    13.5370    64.4000    55.0000    72.0000     2.7928
   725     0.7675     0.5534    13.5910    64.6000    55.0880    72.0000     2.7928
   726     0.7984     0.5810    13.5100    65.2000    55.6480    72.0000     2.7928
   727     0.8050     0.5459    12.6983    66.2000    56.2200    72.0000     2.7928
   728     0.7875     0.5554    12.6305    65.4000    56.1760    72.0000     2.7928
   729     0.7925     0.5955    12.8072    66.0000    55.8920    72.0000     2.7928
   730     0.7860     0.5646    12.0449    65.2000    57.1040    72.0000     2.7928
   731     0.7850     0.5579    12.1659    65.4000    57.1280    72.0000     2.7928
   732     0.7925     0.5547    12.2054    65.2000    57.2240    72.0000     2.7928
   733     0.7850     0.5488    11.9891    64.6000    57.6320    72.0000     2.7928
   734     0.7950     0.5473    12.0865    65.0000    57.5240    72.0000     2.7928
   735     0.7816     0.5247    12.1538    65.6000    57.8680    72.0000     2.7928
   736     0.7850     0.5441    12.4153    64.8000    57.5520    72.0000     2.7928
   737     0.7925     0.5744    12.7664    65.0000    57.1320    72.0000     2.7928
   738     0.8050     0.5380    12.6206    65.8000    57.0920    72.0000     2.7928
   739     0.8004     0.5658    13.3082    66.4000    57.0440    72.0000     2.7928
   740     0.7916     0.5462    13.1437    67.2000    57.8760    72.0000     2.7928
   741     0.7751     0.5328    13.0647    66.4000    57.0160    72.0000     2.7928
   742     0.7775     0.5615    13.6318    64.6000    56.6920    72.0000     2.7928
   743     0.7800     0.5579    12.8684    65.0000    56.8640    72.0000     2.7928
   744     0.7669     0.5557    13.6072    64.4000    56.7200    72.0000     2.7928
   745     0.7800     0.5614    13.2467    64.8000    56.6760    72.0000     2.7928
   746     0.7800     0.5423    13.1801    65.0000    56.6000    72.0000     2.7928
   747     0.7918     0.5887    12.6139    64.6000    57.0360    72.0000     2.7928
   748     0.7925     0.5570    12.5944    64.8000    56.9640    72.0000     2.7928
   749     0.7897     0.5550    12.9091    66.8000    57.3280    72.0000     2.7928
   750     0.7710     0.5573    12.8823    67.2000    57.2600    72.0000     2.7928
   751     0.7966     0.5492    12.4594    65.0000    56.4560    72.0000     2.7928
   752     0.7931     0.5317    12.2300    65.4000    57.0640    72.0000     2.7928
   753     0.7850     0.5455    12.4251    65.6000    57.3040    72.0000     2.7928
   754     0.7950     0.5440    12.5791    64.8000    56.6120    72.0000     2.7928
   755     0.7850     0.5392    12.3714    64.8000    57.4960    72.0000     2.7928
   756     0.7995     0.5665    12.5110    65.8000    57.3720    72.0000     2.7928
   757     0.7850     0.5427    12.5131    66.0000    57.3160    72.0000     2.7928
   758     0.7975     0.5689    12.4998    65.6000    57.3080    72.0000     2.7928
   759     0.8150     0.5921    12.6633    65.8000    56.8640    72.0000     2.7928
   760     0.7789     0.5693    12.6219    65.8000    57.7200    72.0000     2.7928
   761     0.7775     0.5494    13.1753    67.2000    57.0560    72.0000     2.7928
   762     0.7875     0.5614    13.5076    65.4000    56.1600    72.0000     2.7928
   763     0.7870     0.5305    13.3295    66.2000    55.8800    72.0000     2.7928
   764     0.8150     0.5824    13.4709    65.8000    56.2640    72.0000     2.7928
   765     0.8068     0.5343    12.9177    66.4000    56.9120    72.0000     2.7928
   766     0.8025     0.5557    12.4545    66.8000    57.1160    72.0000     2.7928
   767     0.7918     0.5442    12.8426    66.4000    56.8200    72.0000     2.7928
   768     0.7983     0.5570    13.1135    65.8000    56.6040    72.0000     2.7928
   769     0.7950     0.5590    12.9020    65.4000    56.7800    72.0000     2.7928
   770     0.7975     0.5340    12.4317    66.2000    57.0840    72.0000     2.7928
   771     0.8050     0.5577    12.3058    67.0000    57.4840    72.0000     2.7928
   772     0.8225     0.5266    11.8191    67.0000    57.9560    72.0000     2.7928
   773     0.7944     0.5579    12.0601    66.8000    57.8400    72.0000     2.7928
   774     0.7950     0.5370    12.1468    66.0000    57.4480    72.0000     2.7928
   775     0.8150     0.5914    12.6839    66.2000    57.5480    72.0000     2.7928
   776     0.8050     0.5512    12.3812    66.6000    58.3400    72.0000     2.7928
   777     0.8150     0.5681    12.4877    66.2000    57.7240    72.0000     2.7928
   778     0.8175     0.5597    12.5401    66.8000    57.6640    72.0000     2.7928
   779     0.7875     0.5518    12.5931    67.4000    57.8440    72.0000     2.7928
   780     0.8325     0.5629    12.4980    66.8000    57.4840    72.0000     2.7928
   781     0.7950     0.5530    12.1900    67.0000    57.1640    72.0000     2.7928
   782     0.7925     0.5362    12.0831    66.2000    57.0240    72.0000     2.7928
   783     0.7975     0.5258    11.8647    65.2000    57.7600    72.0000     2.7928
   784     0.7875     0.5538    11.9562    65.8000    57.2240    72.0000     2.7928
   785     0.7775     0.5343    12.0642    65.8000    57.7360    72.0000     2.7928
   786     0.7968     0.5481    12.2723    66.0000    57.1920    72.0000     2.7928
   787     0.7950     0.5637    12.2393    65.4000    57.1800    72.0000     2.7928
   788     0.7991     0.5812    12.1110    66.2000    57.4400    72.0000     2.7928
   789     0.7792     0.5545    12.1510    65.6000    57.5000    72.0000     2.7928
   790     0.7868     0.5404    12.2163    65.8000    56.9720    72.0000     2.7928
   791     0.7850     0.5370    12.6609    65.0000    55.6480    72.0000     2.7928
   792     0.7800     0.5128    12.8248    64.6000    55.6120    72.0000     2.7928
   793     0.7725     0.5328    12.7416    65.0000    55.8240    72.0000     2.7928
   794     0.7875     0.5333    12.7789    65.6000    56.4760    72.0000     2.7928
   795     0.7650     0.5415    12.5127    65.8000    56.7760    72.0000     2.7928
   796     0.7825     0.5314    12.8067    66.2000    56.6680    72.0000     2.7928
   797     0.7875     0.5505    12.6839    64.2000    55.8120    72.0000     2.7928
   798     0.7648     0.5391    12.6282    64.6000    56.7840    72.0000     2.7928
   799     0.7806     0.5383    12.9448    66.2000    56.1920    72.0000     2.7928
   800     0.7800     0.5100    12.4909    65.8000    56.6160    72.0000     2.7928
   801     0.7643     0.5262    12.5004    64.4000    56.2840    72.0000     2.7928
   802     0.7650     0.5471    12.1265    63.8000    56.2680    72.0000     2.7928
   803     0.7545     0.5572    12.2371    64.8000    56.4760    72.0000     2.7928
   804     0.7825     0.5133    12.3326    63.8000    56.0640    72.0000     2.7928
   805     0.7719     0.5584    12.2764    65.0000    56.0600    72.0000     2.7928
   806     0.7767     0.5155    12.2470    64.4000    55.8680    72.0000     2.7928
   807     0.7753     0.5381    13.0315    64.2000    55.8560    72.0000     2.7928
   808     0.7875     0.5345    12.7842    65.2000    56.3920    72.0000     2.7928
   809     0.7850     0.5527    12.3687    65.6000    56.3960    72.0000     2.7928
   810     0.7694     0.5368    11.9967    65.2000    56.4960    72.0000     2.7928
   811     0.7600     0.5329    12.3195    65.0000    56.3000    72.0000     2.7928
   812     0.7719     0.5367    12.1047    63.6000    55.0400    72.0000     2.7928
   813     0.7850     0.5559    12.0870    63.8000    55.2080    72.0000     2.7928
   814     0.7875     0.5316    11.9190    64.4000    56.0760    72.0000     2.7928
   815     0.7867     0.5455    12.2875    64.8000    56.2320    72.0000     2.7928
   816     0.7925     0.5725    11.9651    65.2000    56.1560    72.0000     2.7928
   817     0.7875     0.5567    12.1131    65.2000    56.7520    72.0000     2.7928
   818     0.7950     0.5360    12.2372    65.2000    56.4520    72.0000     2.7928
   819     0.7769     0.5358    11.9603    65.6000    56.5440    72.0000     2.7928
   820     0.7775     0.5472    11.7662    65.0000    56.4240    72.0000     2.7928
   821     0.7925     0.5397    12.1019    65.2000    56.2680    72.0000     2.7928
   822     0.7700     0.5323    12.2691    65.2000    56.3240    72.0000     2.7928
   823     0.7825     0.5671    12.4960    65.8000    56.5440    72.0000     2.7928
   824     0.7843     0.5569    12.6472    64.4000    56.1960    72.0000     2.7928
   825     0.7745     0.5434    12.3522    66.2000    57.0600    72.0000     2.7928
   826     0.7875     0.5119    12.3037    64.4000    56.5680    72.0000     2.7928
   827     0.7900     0.5522    12.1824    64.4000    55.8960    72.0000     2.7928
   828     0.7475     0.5329    12.2402    65.2000    56.7960    72.0000     2.7928
   829     0.8225     0.5632    12.0743    66.6000    55.9600    72.0000     2.7928
   830     0.7825     0.5347    11.9331    66.4000    57.2320    72.0000     2.7928
   831     0.7841     0.5320    12.2576    65.8000    56.4200    72.0000     2.7928
   832     0.7623     0.5064    11.9273    66.2000    56.1040    72.0000     2.7928
   833     0.7800     0.5242    12.1631    64.6000    55.9320    72.0000     2.7928
   834     0.7700     0.5210    12.0131    65.4000    56.7600    72.0000     2.7928
   835     0.7725     0.5604    12.5179    65.0000    56.1280    72.0000     2.7928
   836     0.8100     0.5783    12.0328    66.0000    56.7040    72.0000     2.7928
   837     0.8025     0.5564    11.7665    66.4000    57.5120    72.0000     2.7928
   838     0.7842     0.5529    11.9047    66.2000    57.4400    72.0000     2.7928
   839     0.7857     0.5234    12.1708    66.0000    57.5280    72.0000     2.7928
   840     0.8091     0.5488    12.2165    67.0000    57.8200    72.0000     2.7928
   841     0.7850     0.5438    12.4952    66.4000    57.2680    72.0000     2.7928
   842     0.7825     0.5266    12.9393    64.8000    57.0400    72.0000     2.7928
   843     0.7867     0.5545    12.8534    65.0000    56.3760    72.0000     2.7928
   844     0.7856     0.5601    12.9512    65.0000    56.5800    72.0000     2.7928
   845     0.7967     0.5321    12.5894    65.2000    57.2520    72.0000     2.7928
   846     0.7850     0.5465    13.1064    66.2000    56.3800    72.0000     2.7928
   847     0.7800     0.5403    12.6216    64.8000    56.6720    72.0000     2.7928
   848     0.8125     0.5223    12.8397    66.8000    56.8080    72.0000     2.7928
   849     0.7858     0.5685    13.1270    66.2000    56.4960    72.0000     2.7928
   850     0.7934     0.5474    12.9404    65.6000    57.3320    72.0000     2.7928
   851     0.7900     0.5763    12.6029    66.8000    57.6200    72.0000     2.7928
   852     0.7756     0.5219    12.5678    64.4000    57.6480    72.0000     2.7928
   853     0.7667     0.5026    12.8041    65.4000    57.0520    72.0000     2.7928
   854     0.7806     0.5552    13.2469    66.2000    56.0920    72.0000     2.7928
   855     0.7875     0.5620    13.1411    65.6000    56.2400    72.0000     2.7928
   856     0.8000     0.5474    12.7631    66.6000    56.8120    72.0000     2.7928
   857     0.7891     0.5511    12.6274    66.8000    57.5400    72.0000     2.7928
   858     0.7825     0.5954    12.7851    67.0000    57.0760    72.0000     2.7928
   859     0.8225     0.6251    12.7384    67.2000    57.2160    72.0000     2.7928
   860     0.7750     0.5276    12.2186    67.6000    57.8960    72.0000     2.7928
   861     0.7893     0.5522    12.6860    65.4000    56.8120    72.0000     2.7928
   862     0.7925     0.5641    12.4795    65.2000    56.6680    72.0000     2.7928
   863     0.7892     0.5447    12.1321    65.4000    56.8600    72.0000     2.7928
   864     0.7875     0.5618    12.3909    65.6000    56.7200    72.0000     2.7928
   865     0.7925     0.5390    12.4358    65.4000    56.7200    72.0000     2.7928
   866     0.7925     0.5568    12.7533    66.6000    56.8400    72.0000     2.7928
   867     0.8100     0.5564    12.6717    68.0000    57.0120    72.0000     2.7928
   868     0.8268     0.5654    12.4162    68.6000    57.1920    72.0000     2.7928
   869     0.7762     0.5397    12.8887    68.2000    56.7360    72.4000     2.7928
   870     0.7917     0.5767    12.5958    68.2000    56.9760    72.4000     2.7928
   871     0.8075     0.5689    12.6570    66.0000    57.4320    72.4000     2.7928
   872     0.8025     0.5527    12.7871    66.4000    57.6720    72.4000     2.7928
   873     0.8050     0.5711    12.4908    65.8000    58.0600    72.4000     2.7928
   874     0.7950     0.5596    13.0212    65.2000    57.1360    72.4000     2.7928
   875     0.7750     0.5839    13.2098    65.6000    57.5200    72.4000     2.7928
   876     0.7943     0.5370    13.0627    66.0000    57.0440    72.4000     2.7928
   877     0.8075     0.5701    13.2380    66.8000    56.4440    72.4000     2.7928
   878     0.7672     0.5476    13.5107    66.2000    56.8840    72.4000     2.7928
   879     0.7917     0.5624    13.2810    65.0000    55.6000    72.4000     2.7928
   880     0.7825     0.5326    12.8580    65.4000    56.5160    72.4000     2.7928
   881     0.7775     0.5646    13.2114    66.2000    56.6240    72.4000     2.7928
   882     0.7825     0.5209    13.0005    64.8000    56.1000    72.4000     2.7928
   883     0.7925     0.5209    13.3734    66.2000    56.1720    72.4000     2.7928
   884     0.8025     0.5966    13.2606    66.2000    56.7920    72.4000     2.7928
   885     0.7750     0.5454    12.8873    65.8000    57.2680    72.4000     2.7928
   886     0.7757     0.5461    12.9091    65.4000    57.2560    72.4000     2.7928
   887     0.7825     0.5574    12.8818    64.8000    57.2120    72.4000     2.7928
   888     0.7950     0.5550    12.5406    64.8000    57.0320    72.4000     2.7928
   889     0.7925     0.5416    12.3285    65.8000    56.9880    72.4000     2.7928
   890     0.7950     0.5727    12.6508    64.8000    56.5680    72.4000     2.7928
   891     0.8010     0.5557    12.6676    65.4000    56.4800    72.4000     2.7928
   892     0.8100     0.5565    12.8532    66.0000    57.3320    72.4000     2.7928
   893     0.8000     0.5481    12.5433    67.2000    58.0960    72.4000     2.7928
   894     0.8025     0.5810    12.8633    65.4000    57.4360    72.4000     2.7928
   895     0.7900     0.5729    13.0353    66.0000    57.5040    72.4000     2.7928
   896     0.7859     0.5734    13.0024    66.0000    56.9960    72.4000     2.7928
   897     0.7775     0.5581    12.7900    64.6000    57.4200    72.4000     2.7928
   898     0.7817     0.5560    12.8743    65.2000    56.9520    72.4000     2.7928
   899     0.7825     0.5448    12.5487    65.0000    56.7160    72.4000     2.7928
   900     0.7767     0.5682    12.8059    64.8000    56.4960    72.4000     2.7928
   901     0.7800     0.5597    12.8343    64.8000    56.3400    72.4000     2.7928
   902     0.7925     0.5539    13.1154    64.6000    56.2200    72.4000     2.7928
   903     0.7850     0.5848    13.1262    65.0000    56.6920    72.4000     2.7928
   904     0.7983     0.5669    12.9185    64.8000    56.1560    72.4000     2.7928
   905     0.7925     0.5827    12.8890    65.2000    56.0680    72.4000     2.7928
   906     0.7692     0.5476    12.5458    65.0000    56.4800    72.4000     2.7928
   907     0.7750     0.5096    12.1078    65.0000    57.4440    72.4000     2.7928
   908     0.7865     0.5311    12.5127    64.0000    56.5680    72.4000     2.7928
   909     0.7594     0.5510    12.9171    66.0000    56.1440    72.4000     2.7928
   910     0.7794     0.5430    12.7282    64.2000    55.7600    72.4000     2.7928
   911     0.7950     0.5724    12.5383    65.0000    55.5040    72.4000     2.7928
   912     0.7775     0.5333    12.2485    65.0000    55.9520    72.4000     2.7928
   913     0.7669     0.5400    12.2953    64.6000    55.8680    72.4000     2.7928
   914     0.7725     0.5293    12.1776    65.0000    56.0080    72.4000     2.7928
   915     0.7775     0.5437    12.4730    65.2000    55.8560    72.4000     2.7928
   916     0.7816     0.5511    12.5120    64.2000    55.4840    72.4000     2.7928
   917     0.7875     0.5496    12.6273    65.0000    55.4560    72.4000     2.7928
   918     0.7943     0.5444    12.2780    65.4000    55.3120    72.4000     2.7928
   919     0.7639     0.5470    12.6867    65.2000    55.3760    72.4000     2.7928
   920     0.7675     0.5327    12.5571    64.8000    55.3080    72.4000     2.7928
   921     0.7918     0.5623    12.6975    64.6000    55.0240    72.4000     2.7928
   922     0.7675     0.5388    12.4521    66.2000    55.8280    72.4000     2.7928
   923     0.7667     0.4939    12.0488    62.8000    56.0480    72.4000     2.7928
   924     0.7698     0.5360    12.0550    64.0000    55.5800    72.4000     2.7928
   925     0.7695     0.5319    12.2673    65.0000    55.6200    72.4000     2.7928
   926     0.7525     0.5167    12.7476    63.8000    55.1720    72.4000     2.7928
   927     0.7661     0.4934    12.5685    63.8000    54.9400    72.4000     2.7928
   928     0.7650     0.5428    13.0431    63.4000    54.1760    72.4000     2.7928
   929     0.7714     0.5623    12.9739    63.4000    54.5640    72.4000     2.7928
   930     0.7667     0.5225    13.0976    64.6000    54.4680    72.4000     2.7928
   931     0.7725     0.5279    13.0005    64.4000    55.2240    72.4000     2.7928
   932     0.7838     0.5447    12.6993    65.4000    55.1800    72.4000     2.7928
   933     0.7650     0.5141    12.1138    65.4000    56.2840    72.4000     2.7928
   934     0.7750     0.5388    12.1641    64.0000    55.3960    72.4000     2.7928
   935     0.7700     0.4889    11.9837    64.0000    55.0760    72.4000     2.7928
   936     0.7641     0.5082    12.2748    63.8000    54.5840    72.4000     2.7928
   937     0.7504     0.5247    12.1739    63.2000    55.0840    72.4000     2.7928
   938     0.7530     0.5635    12.7180    64.4000    54.9120    72.4000     2.7928
   939     0.7700     0.5409    12.2599    64.2000    56.0960    72.4000     2.7928
   940     0.7800     0.5401    12.1628    65.2000    55.7800    72.4000     2.7928
   941     0.7886     0.5440    12.2031    65.0000    55.1840    72.4000     2.7928
   942     0.7725     0.5239    12.1159    65.2000    55.6360    72.4000     2.7928
   943     0.7842     0.5595    12.2493    64.6000    56.1560    72.4000     2.7928
   944     0.7682     0.5478    12.1063    65.2000    56.7360    72.4000     2.7928
   945     0.7965     0.5722    12.3349    65.6000    56.5800    72.4000     2.7928
   946     0.7900     0.5194    12.0348    66.4000    56.3520    72.4000     2.7928
   947     0.7700     0.5284    12.3724    65.6000    56.1840    72.4000     2.7928
   948     0.7640     0.5010    12.5762    64.2000    55.3400    72.4000     2.7928
   949     0.7894     0.5370    12.5445    64.0000    55.5760    72.4000     2.7928
   950     0.7475     0.5331    12.9146    64.6000    55.5160    72.4000     2.7928
   951     0.7691     0.5667    13.0717    64.6000    55.3920    72.4000     2.7928
   952     0.7750     0.5399    12.2064    65.0000    56.0640    72.4000     2.7928
   953     0.7591     0.5430    13.0217    63.8000    55.2920    72.4000     2.7928
   954     0.7950     0.5261    12.8565    65.0000    56.3960    72.4000     2.7928
   955     0.7917     0.5220    12.9430    66.4000    56.2760    72.4000     2.7928
   956     0.7825     0.5131    12.2986    66.0000    56.0200    72.4000     2.7928
   957     0.7814     0.5470    12.8642    66.4000    55.4840    72.4000     2.7928
   958     0.7493     0.5273    12.5236    64.6000    55.8560    72.4000     2.7928
   959     0.7850     0.5182    12.4919    65.4000    55.5000    72.4000     2.7928
   960     0.7748     0.5104    12.2704    66.4000    56.3080    72.4000     2.7928
   961     0.7875     0.5331    11.8976    66.4000    56.8120    72.4000     2.7928
   962     0.7875     0.5352    12.1156    65.6000    56.9280    72.4000     2.7928
   963     0.7894     0.5462    12.1424    65.0000    57.0120    72.4000     2.7928
   964     0.7728     0.5352    12.1980    65.8000    56.2720    72.4000     2.7928
   965     0.7750     0.4979    11.7977    65.6000    57.2400    72.4000     2.7928
   966     0.7991     0.4966    12.1540    65.0000    56.8080    72.4000     2.7928
   967     0.7775     0.5251    12.2967    65.4000    56.7160    72.4000     2.7928
   968     0.7791     0.5279    12.8313    64.8000    55.8600    72.4000     2.7928
   969     0.7925     0.5392    13.0346    65.0000    55.9040    72.4000     2.7928
   970     0.7725     0.5164    13.1058    65.2000    56.4200    72.4000     2.7928
   971     0.7550     0.5233    12.9236    65.8000    56.2400    72.4000     2.7928
   972     0.7775     0.5433    13.6924    63.4000    55.3840    72.4000     2.7928
   973     0.7636     0.5529    13.2067    64.8000    55.5440    72.4000     2.7928
   974     0.7625     0.5372    13.1208    63.8000    55.3680    72.4000     2.7928
   975     0.7550     0.5545    13.5224    63.8000    54.3320    72.4000     2.7928
   976     0.7725     0.5427    13.4415    62.6000    54.7560    72.4000     2.7928
   977     0.7731     0.5489    13.0271    63.6000    55.1080    72.4000     2.7928
   978     0.7800     0.5268    13.0932    64.0000    55.7120    72.4000     2.7928
   979     0.7675     0.5632    13.6452    63.4000    55.6520    72.4000     2.7928
   980     0.7700     0.5328    13.3350    63.8000    55.5520    72.4000     2.7928
   981     0.7625     0.5270    14.1360    63.2000    54.9920    72.4000     2.7928
   982     0.7613     0.5241    14.0438    64.8000    54.9760    72.4000     2.7928
   983     0.7678     0.5332    13.9455    65.0000    54.9560    72.4000     2.7928
   984     0.7800     0.5357    13.8003    65.8000    54.9600    72.4000     2.7928
   985     0.7800     0.5107    13.7763    64.6000    54.3960    72.4000     2.7928
   986     0.7768     0.5386    13.4735    63.8000    54.5320    72.4000     2.7928
   987     0.7693     0.5799    12.7760    64.6000    55.3200    72.4000     2.7928
   988     0.7625     0.5475    12.4253    63.6000    55.8360    72.4000     2.7928
   989     0.7800     0.5590    12.5115    64.0000    55.8000    72.4000     2.7928
   990     0.7863     0.5518    12.5182    64.8000    56.4160    72.4000     2.7928
   991     0.7887     0.5179    12.7922    64.6000    56.2800    72.4000     2.7928
   992     0.7975     0.5645    12.7566    65.0000    55.8640    72.4000     2.7928
   993     0.7769     0.5278    12.2305    65.6000    56.3960    72.4000     2.7928
   994     0.7844     0.5340    12.8212    64.4000    55.7520    72.4000     2.7928
   995     0.7795     0.5626    12.3892    64.6000    56.6080    72.4000     2.7928
   996     0.7853     0.5606    12.1855    64.0000    56.4120    72.4000     2.7928
   997     0.7925     0.5512    11.8470    65.4000    57.2200    72.4000     2.7928
   998     0.7722     0.5250    11.7954    65.4000    56.7280    72.4000     2.7928
   999     0.7794     0.5424    12.4813    64.8000    55.6480    72.4000     2.7928
  1000     0.7845     0.5377    12.5427    65.6000    56.1280    72.4000     2.7928
