     1     0.2400     0.1689    29.9788   432.0000   304.0160   432.0000     1.6733
     2     0.2416     0.1665    28.2175   446.0000   334.6720   446.0000     1.6733
     3     0.2494     0.1691    26.9958   455.2000   346.8480   455.2000     1.6733
     4     0.2487     0.1725    25.5675   477.6000   355.2800   477.6000     1.6733
     5     0.2498     0.1688    24.4945   473.6000   363.2160   481.2000     1.6733
     6     0.2592     0.1738    22.6723   487.2000   376.5520   491.6000     1.6733
     7     0.2647     0.1638    21.5600   500.0000   381.4640   504.4000     1.6733
     8     0.2669     0.1860    21.2456   503.6000   390.0640   507.6000     1.6733
     9     0.2729     0.1806    21.0292   494.8000   400.5200   508.8000     1.6733
    10     0.2867     0.1954    20.1869   518.8000   412.7200   526.0000     1.6733
    11     0.2718     0.2040    19.2121   520.4000   420.8400   526.0000     1.6733
    12     0.2756     0.2010    18.4568   503.2000   433.6880   526.4000     1.6733
    13     0.2718     0.2088    17.8225   510.0000   440.9680   530.0000     1.6733
    14     0.2820     0.1963    16.9982   514.8000   443.6160   530.0000     1.6733
    15     0.2804     0.1985    16.8968   514.0000   445.5200   530.0000     1.6733
    16     0.2882     0.1953    16.8335   524.0000   450.6160   534.4000     1.6733
    17     0.2793     0.2021    16.3006   522.4000   450.4720   534.4000     1.6733
    18     0.2851     0.1973    16.2945   518.8000   449.8880   534.4000     1.6733
    19     0.2860     0.2130    16.0206   524.8000   457.0880   536.8000     1.6733
    20     0.2907     0.1960    15.3316   529.6000   463.0400   537.6000     1.6733
    21     0.2878     0.1980    15.2743   527.6000   466.7440   538.0000     1.6733
    22     0.2902     0.2077    15.1447   530.4000   470.6240   540.8000     1.6733
    23     0.2854     0.2131    14.9554   534.0000   470.4720   542.4000     1.6733
    24     0.2884     0.2093    14.9833   532.8000   471.8880   542.4000     1.6733
    25     0.2907     0.2107    14.9367   534.0000   473.0320   542.4000     1.6733
    26     0.2929     0.2158    14.4398   533.2000   476.9520   542.8000     1.6733
    27     0.2940     0.2196    13.8792   534.8000   482.2960   542.8000     1.6733
    28     0.2980     0.2237    14.1162   537.6000   484.6880   543.2000     1.6733
    29     0.2960     0.2030    13.7061   542.4000   492.8560   545.2000     1.6733
    30     0.2932     0.2166    13.8666   543.6000   495.6640   548.4000     1.6733
    31     0.2986     0.2214    13.5278   545.6000   494.9280   549.6000     1.6733
    32     0.2980     0.2021    13.4237   548.0000   502.1040   552.0000     1.6733
    33     0.2993     0.2229    13.3296   543.6000   498.6400   552.0000     1.6733
    34     0.2980     0.2190    13.3726   544.0000   498.8160   552.0000     1.6733
    35     0.2982     0.2290    13.6181   544.4000   498.8880   552.0000     1.6733
    36     0.2964     0.2161    13.7210   543.2000   499.0080   552.0000     1.6733
    37     0.2991     0.2185    13.2062   544.4000   501.9120   553.2000     1.6733
    38     0.2993     0.2217    13.1654   549.2000   504.0320   554.4000     1.6733
    39     0.2972     0.2099    12.8168   546.8000   506.6480   554.4000     1.6733
    40     0.2978     0.2160    12.7242   545.2000   506.1360   555.2000     1.6733
    41     0.2980     0.2433    13.2647   545.2000   504.8160   555.2000     1.6733
    42     0.3001     0.2174    12.8606   548.4000   511.6640   555.2000     1.6733
    43     0.3024     0.2170    13.1224   548.0000   509.4240   555.2000     1.6733
    44     0.2998     0.2168    12.7714   551.2000   509.1840   556.4000     1.6733
    45     0.3047     0.2198    13.1246   552.0000   507.5840   556.4000     1.6733
    46     0.3073     0.2135    12.5179   554.8000   511.6400   558.0000     1.6733
    47     0.3039     0.2223    12.6189   555.2000   512.4640   558.0000     1.6733
    48     0.3022     0.2196    12.7874   554.4000   510.9520   558.0000     1.6733
    49     0.3038     0.2272    12.7224   554.0000   510.7840   558.0000     1.6733
    50     0.3060     0.2167    12.4616   552.8000   513.9680   558.4000     1.6733
    51     0.3016     0.2230    12.7993   551.6000   507.6400   558.4000     1.6733
    52     0.3004     0.2317    12.7713   546.4000   508.9600   558.4000     1.6733
    53     0.3017     0.2150    12.7339   549.2000   507.8880   558.4000     1.6733
    54     0.2987     0.2074    12.7802   549.6000   507.6480   558.4000     1.6733
    55     0.3023     0.2157    12.9969   550.0000   502.5760   558.4000     1.6733
    56     0.3038     0.2251    13.0516   552.8000   500.0400   558.4000     1.6733
    57     0.3020     0.2132    12.7822   549.2000   503.7280   558.4000     1.6733
    58     0.2989     0.2038    12.6299   550.4000   504.2800   558.4000     1.6733
    59     0.3009     0.2183    13.1744   547.2000   498.9280   558.4000     1.6733
    60     0.2950     0.2032    13.0816   546.8000   504.0320   558.4000     1.6733
    61     0.2982     0.2061    13.1977   545.6000   502.3120   558.4000     1.6733
    62     0.3002     0.2198    13.1652   543.2000   503.0960   558.4000     1.6733
    63     0.2998     0.2142    13.2165   549.2000   503.3600   558.4000     1.6733
    64     0.3004     0.2207    13.6454   546.8000   503.5760   558.4000     1.6733
    65     0.3024     0.2165    13.5433   548.4000   502.5040   559.2000     1.6733
    66     0.2993     0.2111    13.4429   550.8000   500.3200   559.2000     1.6733
    67     0.2998     0.2208    13.6328   548.8000   504.0800   559.2000     1.6733
    68     0.3000     0.2137    13.4485   550.8000   500.8320   559.2000     1.6733
    69     0.3010     0.2216    13.4847   550.4000   504.4480   559.2000     1.6733
    70     0.3018     0.2232    13.3007   552.4000   508.5120   559.2000     1.6733
    71     0.3011     0.2117    12.5822   548.4000   511.5680   559.2000     1.6733
    72     0.3042     0.2229    12.5783   552.4000   512.1680   559.2000     1.6733
    73     0.3027     0.2078    12.7719   551.6000   510.0160   559.2000     1.6733
    74     0.3044     0.2197    12.6873   552.4000   512.5200   559.2000     1.6733
    75     0.3047     0.2232    12.5595   554.4000   516.0560   559.2000     1.6733
    76     0.3036     0.2307    12.6139   555.6000   519.2560   559.2000     1.6733
    77     0.3054     0.2380    12.9298   552.4000   513.5760   559.2000     1.6733
    78     0.3025     0.2218    12.6900   554.0000   514.6640   559.2000     1.6733
    79     0.3028     0.2401    12.7533   553.6000   514.7360   559.2000     1.6733
    80     0.3071     0.2387    13.0255   554.4000   513.6160   559.2000     1.6733
    81     0.3036     0.2178    12.7744   555.6000   514.2960   559.2000     1.6733
    82     0.3038     0.2267    13.0209   553.6000   514.8400   559.2000     1.6733
    83     0.3044     0.2209    12.8485   551.2000   515.3120   559.2000     1.6733
    84     0.3044     0.2151    13.2034   552.0000   512.8880   559.2000     1.6733
    85     0.3007     0.2201    12.9860   553.6000   514.0160   559.2000     1.6733
    86     0.3031     0.2172    13.0684   554.0000   512.9440   559.2000     1.6733
    87     0.3004     0.2094    13.3180   555.2000   515.7360   559.2000     1.6733
    88     0.3002     0.2192    12.9861   550.0000   515.3280   559.2000     1.6733
    89     0.3031     0.2233    13.0637   553.6000   510.7280   559.2000     1.6733
    90     0.3047     0.2269    13.2691   554.8000   512.0240   559.2000     1.6733
    91     0.3080     0.2082    12.5215   556.4000   516.1040   559.2000     1.6733
    92     0.3036     0.2184    12.6878   556.8000   514.5440   559.2000     1.6733
    93     0.3018     0.2118    12.6802   553.2000   513.1920   559.2000     1.6733
    94     0.3060     0.2164    12.7277   553.6000   510.0560   559.2000     1.6733
    95     0.3067     0.2138    12.9318   554.8000   509.6080   561.2000     1.6733
    96     0.3091     0.2221    12.7215   558.8000   510.7120   561.2000     1.6733
    97     0.3047     0.2246    12.2508   559.2000   510.2240   561.2000     1.6733
    98     0.3056     0.2257    12.6395   556.0000   513.6080   561.2000     1.6733
    99     0.3049     0.2289    12.8296   557.2000   509.6480   561.2000     1.6733
   100     0.3056     0.2202    12.8619   558.0000   509.6880   561.2000     1.6733
   101     0.3069     0.2138    12.5618   556.4000   517.6240   561.2000     1.6733
   102     0.3047     0.2119    12.5549   557.2000   517.9920   561.2000     1.6733
   103     0.3044     0.2259    12.8385   557.6000   519.3360   561.2000     1.6733
   104     0.3049     0.2199    13.0322   556.4000   518.9600   561.2000     1.6733
   105     0.3058     0.2247    13.4511   556.4000   515.2480   561.2000     1.6733
   106     0.3064     0.2132    13.4980   556.4000   510.6560   561.2000     1.6733
   107     0.3031     0.2122    13.2709   557.6000   512.2720   561.2000     1.6733
   108     0.2991     0.2124    13.3272   558.0000   514.1680   561.2000     1.6733
   109     0.3032     0.2124    13.3460   554.0000   511.8640   561.2000     1.6733
   110     0.3013     0.2276    13.6607   552.0000   506.5600   561.2000     1.6733
   111     0.3029     0.2225    13.3572   552.4000   509.7840   561.2000     1.6733
   112     0.3007     0.2200    12.9241   552.0000   514.7920   561.2000     1.6733
   113     0.3031     0.2299    12.9063   552.8000   515.4560   561.2000     1.6733
   114     0.3067     0.2257    13.0664   555.2000   516.2880   561.2000     1.6733
   115     0.3038     0.2188    13.2883   556.8000   514.7200   561.2000     1.6733
   116     0.3053     0.2075    13.1794   552.4000   513.1120   561.2000     1.6733
   117     0.3071     0.2099    12.9012   556.8000   517.4880   561.2000     1.6733
   118     0.3056     0.2117    12.5824   558.0000   519.7120   561.2000     1.6733
   119     0.3049     0.2288    12.7837   554.8000   516.5760   561.2000     1.6733
   120     0.3042     0.2072    12.1564   554.0000   519.6160   561.2000     1.6733
   121     0.3058     0.2310    12.5649   552.4000   516.6800   561.2000     1.6733
   122     0.3053     0.2278    12.5985   553.6000   516.0160   561.2000     1.6733
   123     0.3069     0.2283    12.4418   554.0000   516.2640   561.2000     1.6733
   124     0.3040     0.2185    12.4759   553.6000   516.5600   561.2000     1.6733
   125     0.3060     0.2246    12.5076   554.0000   516.0560   561.2000     1.6733
   126     0.3040     0.2174    12.0364   557.2000   521.9840   561.2000     1.6733
   127     0.3069     0.2295    12.2516   557.2000   519.8560   561.2000     1.6733
   128     0.3047     0.2355    12.2625   557.2000   518.6080   561.2000     1.6733
   129     0.3051     0.2312    12.2416   554.4000   519.6880   561.2000     1.6733
   130     0.3056     0.2280    12.2998   555.2000   520.1280   561.2000     1.6733
   131     0.3008     0.2024    12.0789   557.2000   521.1920   561.2000     1.6733
   132     0.3036     0.2178    12.3544   553.2000   516.3840   561.2000     1.6733
   133     0.3051     0.2171    12.4503   554.8000   517.3840   561.2000     1.6733
   134     0.3041     0.2225    12.3311   555.2000   513.3680   561.2000     1.6733
   135     0.3053     0.2129    11.9272   558.4000   516.9120   561.2000     1.6733
   136     0.3042     0.2205    11.8885   558.0000   516.7040   561.2000     1.6733
   137     0.3067     0.2281    11.9917   556.0000   518.8400   561.2000     1.6733
   138     0.3069     0.2235    12.0978   556.8000   519.0160   561.2000     1.6733
   139     0.3016     0.2277    11.8171   553.6000   519.0080   561.2000     1.6733
   140     0.3032     0.2157    11.8846   554.4000   518.3120   561.2000     1.6733
   141     0.3047     0.2094    12.0911   552.8000   510.7600   561.2000     1.6733
   142     0.3047     0.2212    12.3380   554.8000   515.3440   561.2000     1.6733
   143     0.3051     0.2246    12.0010   556.0000   517.3280   561.2000     1.6733
   144     0.3058     0.2222    12.4749   555.6000   518.3200   561.2000     1.6733
   145     0.3042     0.2244    12.6571   556.0000   516.3920   561.2000     1.6733
   146     0.3047     0.2297    13.0552   552.0000   513.7360   561.2000     1.6733
   147     0.3051     0.2288    12.7809   555.2000   516.2320   561.2000     1.6733
   148     0.3044     0.2101    12.6168   556.8000   517.8160   561.2000     1.6733
   149     0.3056     0.2256    12.5358   552.8000   515.3680   561.2000     1.6733
   150     0.3041     0.2181    12.0860   553.2000   517.7840   561.2000     1.6733
   151     0.3058     0.2308    11.8994   555.6000   514.6800   561.2000     1.6733
   152     0.3040     0.2118    11.8696   556.0000   520.2880   561.2000     1.6733
   153     0.3044     0.2251    12.0648   552.0000   515.6560   561.2000     1.6733
   154     0.3047     0.2321    12.5035   552.8000   514.1680   561.2000     1.6733
   155     0.3084     0.2147    12.2614   555.6000   515.6880   561.2000     1.6733
   156     0.3029     0.2191    12.1319   558.0000   515.1680   561.2000     1.6733
   157     0.3054     0.2261    12.6741   554.4000   507.2880   561.2000     1.6733
   158     0.3033     0.2288    12.6477   554.8000   512.1280   561.2000     1.6733
   159     0.3064     0.2159    12.4496   554.0000   513.4400   561.2000     1.6733
   160     0.3062     0.2270    12.7412   556.4000   514.3840   561.2000     1.6733
   161     0.3071     0.2288    12.5229   555.6000   515.5200   561.2000     1.6733
   162     0.3047     0.2334    12.5695   556.4000   512.0240   561.2000     1.6733
   163     0.3047     0.2191    12.4393   556.0000   513.4320   561.2000     1.6733
   164     0.3031     0.2241    12.0470   552.0000   514.6240   561.2000     1.6733
   165     0.3091     0.2233    12.1931   557.2000   515.0960   561.2000     1.6733
   166     0.3044     0.2206    12.2488   559.2000   514.4640   561.2000     1.6733
   167     0.3049     0.2193    12.6103   557.2000   514.3280   561.2000     1.6733
   168     0.2998     0.2218    12.7203   555.6000   513.7200   562.0000     1.6733
   169     0.3047     0.2107    12.7306   551.2000   509.8640   562.0000     1.6733
   170     0.3051     0.2265    12.6109   552.8000   513.9760   562.0000     1.6733
   171     0.3069     0.2229    12.5340   554.8000   516.9360   562.0000     1.6733
   172     0.3052     0.2034    12.7122   556.8000   511.8800   562.0000     1.6733
   173     0.3044     0.2206    12.9884   555.6000   509.5680   562.0000     1.6733
   174     0.3038     0.2083    12.8870   555.2000   512.5600   562.0000     1.6733
   175     0.2981     0.2166    13.5411   552.8000   509.3600   562.0000     1.6733
   176     0.3030     0.2336    13.7987   553.6000   506.7040   562.0000     1.6733
   177     0.3040     0.2317    13.4545   553.6000   510.4320   562.0000     1.6733
   178     0.3032     0.2263    13.2787   554.4000   509.9040   562.0000     1.6733
   179     0.3048     0.2372    13.6144   557.2000   509.0320   562.0000     1.6733
   180     0.3024     0.2107    13.1069   558.4000   513.1360   562.0000     1.6733
   181     0.3045     0.2045    12.7211   557.6000   514.2480   562.0000     1.6733
   182     0.2984     0.2162    13.3621   556.0000   508.6240   562.0000     1.6733
   183     0.2998     0.2201    13.0309   551.6000   508.6640   562.0000     1.6733
   184     0.3022     0.2206    12.8820   551.6000   508.4960   562.0000     1.6733
   185     0.3022     0.2079    12.6465   551.6000   509.8960   562.0000     1.6733
   186     0.3037     0.2238    13.0939   552.0000   508.7920   562.0000     1.6733
   187     0.3069     0.2254    13.1451   554.0000   511.6160   562.0000     1.6733
   188     0.3049     0.2230    13.0291   554.4000   510.1920   562.0000     1.6733
   189     0.3041     0.2325    12.5990   554.4000   515.0720   562.0000     1.6733
   190     0.3062     0.2186    12.4082   557.2000   518.5840   562.0000     1.6733
   191     0.3042     0.2106    12.5141   554.0000   517.1360   562.0000     1.6733
   192     0.3020     0.2196    12.7318   554.0000   515.0720   562.0000     1.6733
   193     0.3022     0.2266    12.6862   549.2000   516.4240   562.0000     1.6733
   194     0.3009     0.2252    12.6681   554.0000   517.1760   562.0000     1.6733
   195     0.3052     0.2080    12.5913   554.0000   513.7440   562.0000     1.6733
   196     0.3062     0.2321    12.6981   555.6000   515.2320   562.0000     1.6733
   197     0.3056     0.2341    12.4433   555.6000   518.4960   562.0000     1.6733
   198     0.3049     0.2215    12.4738   553.6000   517.6400   562.0000     1.6733
   199     0.3056     0.2205    12.5037   555.6000   519.4320   562.0000     1.6733
   200     0.3047     0.2129    12.3512   555.6000   519.4320   562.0000     1.6733
   201     0.3039     0.2162    12.1479   556.4000   519.9440   562.0000     1.6733
   202     0.3062     0.2033    12.4088   558.0000   518.3680   562.0000     1.6733
   203     0.3082     0.2244    13.0237   558.8000   517.8560   562.0000     1.6733
   204     0.3053     0.2271    13.0761   556.8000   515.8480   562.0000     1.6733
   205     0.3073     0.2262    12.7494   556.4000   520.0160   562.0000     1.6733
   206     0.3060     0.2280    12.6859   557.6000   518.1520   562.0000     1.6733
   207     0.3050     0.2214    12.7784   554.4000   519.6800   562.0000     1.6733
   208     0.3071     0.2278    12.7721   558.4000   516.0320   562.0000     1.6733
   209     0.3071     0.2242    12.6864   558.8000   518.3120   562.0000     1.6733
   210     0.3069     0.2094    12.7035   559.2000   521.0560   562.0000     1.6733
   211     0.3084     0.2156    12.6743   558.8000   518.9040   562.0000     1.6733
   212     0.3084     0.2243    12.4558   558.8000   522.8640   562.0000     1.6733
   213     0.3056     0.2073    12.6539   558.8000   523.0480   562.0000     1.6733
   214     0.3056     0.2149    12.2149   558.8000   522.7920   562.0000     1.6733
   215     0.3084     0.2289    12.4957   558.8000   525.1440   562.0000     1.6733
   216     0.3100     0.2192    12.4880   558.4000   526.5440   562.0000     1.6733
   217     0.3074     0.2217    12.1580   560.0000   527.2480   562.0000     1.6733
   218     0.3078     0.2176    12.2509   558.8000   525.4320   562.0000     1.6733
   219     0.3087     0.2255    12.2666   560.0000   525.1600   562.0000     1.6733
   220     0.3087     0.2249    12.0895   558.4000   524.7760   562.0000     1.6733
   221     0.3073     0.2282    11.8206   559.2000   527.4800   562.0000     1.6733
   222     0.3048     0.2320    11.9589   559.6000   527.4560   562.0000     1.6733
   223     0.3065     0.2183    12.1241   558.8000   526.3280   562.0000     1.6733
   224     0.3071     0.2295    12.3931   558.8000   525.6160   562.0000     1.6733
   225     0.3082     0.2265    12.3851   559.6000   527.7120   562.0000     1.6733
   226     0.3085     0.2249    12.0756   559.2000   533.3120   562.0000     1.6733
   227     0.3098     0.2182    12.6078   558.8000   528.3680   562.0000     1.6733
   228     0.3023     0.1992    12.2328   559.2000   528.1280   562.0000     1.6733
   229     0.3051     0.2206    12.6803   559.6000   524.8080   562.0000     1.6733
   230     0.3047     0.2105    12.6059   557.6000   521.4320   562.0000     1.6733
   231     0.3053     0.2195    12.6253   558.0000   522.5840   562.4000     1.6733
   232     0.3087     0.2333    12.7804   558.8000   525.8000   562.4000     1.6733
   233     0.3069     0.2146    12.4790   558.0000   524.5840   562.4000     1.6733
   234     0.3060     0.2314    12.6571   557.2000   522.4560   562.4000     1.6733
   235     0.3089     0.2191    12.5642   557.2000   519.2720   562.4000     1.6733
   236     0.3071     0.2270    12.5334   558.0000   519.7440   562.4000     1.6733
   237     0.3091     0.2221    12.4984   557.2000   518.4560   562.4000     1.6733
   238     0.3038     0.2192    12.6870   559.2000   516.9440   562.4000     1.6733
   239     0.3078     0.2301    12.8297   556.4000   517.3760   562.4000     1.6733
   240     0.3082     0.2385    13.3236   557.6000   516.5600   562.4000     1.6733
   241     0.3062     0.2253    13.0921   558.8000   520.8800   562.4000     1.6733
   242     0.3082     0.2204    12.8178   558.4000   523.8000   562.4000     1.6733
   243     0.3062     0.2245    13.0121   555.2000   521.9280   562.4000     1.6733
   244     0.3067     0.2220    12.6957   558.8000   520.8640   562.4000     1.6733
   245     0.3073     0.2415    12.8914   557.6000   522.5040   562.4000     1.6733
   246     0.3031     0.2171    12.0962   556.4000   526.9360   562.4000     1.6733
   247     0.3078     0.2320    12.3136   557.6000   525.0000   562.4000     1.6733
   248     0.3049     0.2108    12.1559   557.2000   525.2240   562.4000     1.6733
   249     0.3056     0.2166    12.2870   555.6000   524.4080   562.4000     1.6733
   250     0.3064     0.2129    12.4255   556.4000   520.4160   562.4000     1.6733
   251     0.3064     0.2182    12.3337   556.0000   521.1520   562.4000     1.6733
   252     0.3060     0.2155    12.1920   557.6000   516.5840   562.4000     1.6733
   253     0.3061     0.2116    12.0315   556.4000   519.2080   562.4000     1.6733
   254     0.3076     0.2141    11.9301   558.8000   519.9360   562.4000     1.6733
   255     0.3082     0.2116    11.7541   556.8000   521.7600   562.4000     1.6733
   256     0.3069     0.2084    11.5876   556.8000   522.9600   562.4000     1.6733
   257     0.3053     0.2083    11.6029   555.2000   519.4400   562.4000     1.6733
   258     0.3042     0.2143    12.3177   555.6000   514.5520   562.4000     1.6733
   259     0.3033     0.2196    12.2578   556.4000   512.6000   562.4000     1.6733
   260     0.3062     0.2214    12.7419   555.2000   515.2880   562.4000     1.6733
   261     0.3071     0.2233    12.5623   554.8000   517.5120   562.4000     1.6733
   262     0.3004     0.2190    12.8691   557.6000   514.9440   562.4000     1.6733
   263     0.3062     0.2181    12.2940   556.0000   518.6400   562.4000     1.6733
   264     0.3067     0.2155    12.1463   553.6000   518.7040   562.4000     1.6733
   265     0.3047     0.2170    12.1747   553.6000   516.1760   562.4000     1.6733
   266     0.3033     0.2196    12.6831   553.2000   512.3920   562.4000     1.6733
   267     0.3011     0.2186    12.2575   552.0000   515.1200   562.4000     1.6733
   268     0.3018     0.2106    12.5394   553.2000   515.5360   562.4000     1.6733
   269     0.3026     0.2248    12.9616   556.4000   513.0320   562.4000     1.6733
   270     0.3058     0.2126    13.0583   556.0000   512.8880   562.4000     1.6733
   271     0.3022     0.2292    13.1071   557.6000   513.5120   562.4000     1.6733
   272     0.3076     0.2353    13.0467   556.8000   516.7040   562.4000     1.6733
   273     0.2989     0.2142    13.0162   558.4000   517.5360   562.4000     1.6733
   274     0.3056     0.2384    12.9471   552.8000   514.7120   562.4000     1.6733
   275     0.3051     0.2178    12.7213   556.4000   516.3040   562.8000     1.6733
   276     0.3058     0.2300    12.7226   556.8000   515.8800   562.8000     1.6733
   277     0.3050     0.2118    12.3611   558.4000   516.9520   562.8000     1.6733
   278     0.3084     0.2267    12.4029   559.6000   514.1520   562.8000     1.6733
   279     0.3052     0.2218    12.4021   559.2000   513.2960   562.8000     1.6733
   280     0.3031     0.2171    12.2749   558.4000   516.8880   562.8000     1.6733
   281     0.3021     0.2170    12.2940   558.8000   513.1840   562.8000     1.6733
   282     0.3016     0.2185    12.3376   552.4000   508.4480   562.8000     1.6733
   283     0.3024     0.2084    12.7151   553.2000   511.5680   562.8000     1.6733
   284     0.2999     0.2279    13.3164   549.2000   506.1040   562.8000     1.6733
   285     0.3027     0.2103    13.0687   548.0000   506.0960   562.8000     1.6733
   286     0.3007     0.2193    13.0707   550.8000   511.8320   562.8000     1.6733
   287     0.3020     0.2147    12.9876   548.4000   512.0080   562.8000     1.6733
   288     0.3021     0.2149    13.0284   552.0000   512.7760   562.8000     1.6733
   289     0.3037     0.2176    13.1256   554.4000   512.6640   562.8000     1.6733
   290     0.3029     0.2040    12.8291   552.4000   515.1360   562.8000     1.6733
   291     0.3029     0.2084    13.0833   552.8000   510.6800   562.8000     1.6733
   292     0.3003     0.2109    12.8297   553.2000   512.2560   562.8000     1.6733
   293     0.3036     0.2189    13.4343   552.0000   510.2160   562.8000     1.6733
   294     0.3029     0.2139    13.2942   551.6000   511.4080   562.8000     1.6733
   295     0.3031     0.2179    13.3709   552.0000   507.3840   562.8000     1.6733
   296     0.3038     0.2300    13.1936   551.6000   510.8160   562.8000     1.6733
   297     0.3024     0.2234    13.3141   550.4000   508.8320   562.8000     1.6733
   298     0.3030     0.2229    13.2026   550.8000   509.7280   562.8000     1.6733
   299     0.3027     0.2219    13.3184   552.0000   510.3840   562.8000     1.6733
   300     0.3024     0.2275    13.0018   550.8000   513.1280   562.8000     1.6733
   301     0.3031     0.2171    12.9931   550.4000   512.0160   562.8000     1.6733
   302     0.3029     0.2321    12.9109   553.2000   512.5360   562.8000     1.6733
   303     0.3038     0.2232    13.0158   554.4000   514.3920   562.8000     1.6733
   304     0.3042     0.2228    12.6800   552.4000   518.9760   562.8000     1.6733
   305     0.3029     0.2094    12.9918   552.4000   510.3040   562.8000     1.6733
   306     0.3027     0.2274    12.7256   550.4000   509.6480   562.8000     1.6733
   307     0.3022     0.2293    12.5949   551.2000   512.1360   562.8000     1.6733
   308     0.3051     0.2284    12.5205   552.0000   511.6560   562.8000     1.6733
   309     0.3003     0.2206    12.7976   550.8000   507.8880   562.8000     1.6733
   310     0.3049     0.2054    12.2931   555.2000   510.9520   562.8000     1.6733
   311     0.3044     0.1989    12.5892   554.4000   513.1680   562.8000     1.6733
   312     0.3007     0.2232    12.8599   551.2000   511.0320   562.8000     1.6733
   313     0.3018     0.2304    12.7133   553.2000   511.3840   562.8000     1.6733
   314     0.3036     0.2273    12.3729   551.2000   516.2000   562.8000     1.6733
   315     0.2998     0.2073    12.1998   558.0000   518.7520   562.8000     1.6733
   316     0.3040     0.2154    12.1941   557.2000   516.7200   562.8000     1.6733
   317     0.3082     0.2194    12.8689   557.2000   511.2480   562.8000     1.6733
   318     0.3053     0.2183    12.7722   555.6000   513.3520   562.8000     1.6733
   319     0.3047     0.2102    12.4973   555.2000   512.9920   562.8000     1.6733
   320     0.3053     0.2212    12.9838   555.2000   509.2720   562.8000     1.6733
   321     0.3020     0.2329    12.8989   555.2000   510.8560   562.8000     1.6733
   322     0.3014     0.2152    12.6230   554.4000   515.0080   562.8000     1.6733
   323     0.3032     0.2147    12.4741   554.0000   515.7760   562.8000     1.6733
   324     0.3051     0.2304    12.4867   552.4000   513.2400   562.8000     1.6733
   325     0.3016     0.2116    12.3959   553.6000   515.2800   562.8000     1.6733
   326     0.3069     0.2265    12.5363   554.0000   515.3120   562.8000     1.6733
   327     0.3042     0.2223    12.2762   556.0000   518.1520   562.8000     1.6733
   328     0.3060     0.2247    12.3682   556.4000   519.6880   562.8000     1.6733
   329     0.3053     0.2393    12.6384   555.6000   519.0320   562.8000     1.6733
   330     0.3058     0.2245    12.2909   554.0000   518.6560   562.8000     1.6733
   331     0.3027     0.2199    11.9117   554.0000   519.7040   562.8000     1.6733
   332     0.3024     0.2221    12.1549   551.6000   516.3760   562.8000     1.6733
   333     0.3036     0.2228    12.6584   551.2000   514.0000   562.8000     1.6733
   334     0.3040     0.2184    12.2725   553.2000   515.9360   562.8000     1.6733
   335     0.3018     0.2153    12.0591   551.6000   514.9360   562.8000     1.6733
   336     0.3029     0.2259    12.2436   551.2000   511.5520   562.8000     1.6733
   337     0.2998     0.2224    12.1246   550.4000   512.5680   562.8000     1.6733
   338     0.3064     0.2179    12.1713   551.6000   509.2080   562.8000     1.6733
   339     0.2990     0.2072    12.3830   552.4000   511.5760   562.8000     1.6733
   340     0.3058     0.2241    12.4712   552.4000   506.6800   562.8000     1.6733
   341     0.3029     0.2149    12.2029   555.6000   513.7520   562.8000     1.6733
   342     0.3020     0.2283    12.5708   551.6000   508.0640   562.8000     1.6733
   343     0.2997     0.2180    12.7850   549.2000   507.1680   562.8000     1.6733
   344     0.3031     0.2076    12.2588   550.8000   511.6320   562.8000     1.6733
   345     0.3031     0.2226    12.5257   550.8000   515.9520   562.8000     1.6733
   346     0.3042     0.2245    12.3824   549.2000   514.6560   562.8000     1.6733
   347     0.3002     0.2260    12.7002   550.4000   512.4080   562.8000     1.6733
   348     0.3041     0.2239    12.5752   553.2000   512.9840   562.8000     1.6733
   349     0.3045     0.2301    12.5718   553.6000   512.2640   562.8000     1.6733
   350     0.3033     0.2056    11.9749   555.2000   515.0240   562.8000     1.6733
   351     0.3043     0.2040    12.1216   555.2000   511.8000   562.8000     1.6733
   352     0.3029     0.2223    12.2511   555.6000   515.2320   562.8000     1.6733
   353     0.3022     0.2126    12.5639   555.6000   512.1920   562.8000     1.6733
   354     0.3058     0.2207    12.4818   554.8000   513.9680   562.8000     1.6733
   355     0.3049     0.2134    12.6740   556.8000   512.5200   562.8000     1.6733
   356     0.3013     0.2277    12.5590   555.6000   515.2720   562.8000     1.6733
   357     0.3036     0.2080    12.3092   552.0000   515.0320   562.8000     1.6733
   358     0.3029     0.2309    12.6751   553.6000   513.0160   562.8000     1.6733
   359     0.3033     0.2154    12.3528   556.0000   515.1840   562.8000     1.6733
   360     0.3067     0.2291    12.5061   554.0000   513.9760   562.8000     1.6733
   361     0.3031     0.2157    12.5309   554.4000   515.0080   562.8000     1.6733
   362     0.3038     0.2219    12.7193   554.4000   514.0720   562.8000     1.6733
   363     0.3031     0.2209    12.5381   553.6000   513.7200   562.8000     1.6733
   364     0.3040     0.2286    12.2785   554.0000   515.7200   562.8000     1.6733
   365     0.3049     0.2184    12.1487   556.0000   514.2640   562.8000     1.6733
   366     0.2998     0.2253    12.1925   550.4000   514.9040   562.8000     1.6733
   367     0.3033     0.2124    12.8178   550.8000   510.3120   562.8000     1.6733
   368     0.3037     0.2264    12.9481   551.6000   510.9680   562.8000     1.6733
   369     0.3049     0.2131    12.8736   553.6000   514.6160   562.8000     1.6733
   370     0.3052     0.2147    12.4934   552.4000   517.6080   562.8000     1.6733
   371     0.3056     0.2099    12.7388   553.6000   513.9840   562.8000     1.6733
   372     0.3053     0.2060    12.5878   555.6000   516.6720   562.8000     1.6733
   373     0.3022     0.2145    12.3363   556.8000   514.0640   562.8000     1.6733
   374     0.3069     0.2201    12.2449   556.4000   512.5760   562.8000     1.6733
   375     0.3036     0.2240    12.0232   556.8000   512.7600   562.8000     1.6733
   376     0.3049     0.2157    12.0155   555.2000   513.9920   562.8000     1.6733
   377     0.3044     0.2044    12.0235   554.0000   514.5840   562.8000     1.6733
   378     0.3073     0.2249    12.4292   553.6000   512.8480   562.8000     1.6733
   379     0.3056     0.2199    12.6114   555.6000   510.5360   562.8000     1.6733
   380     0.3042     0.2168    12.2669   554.8000   514.1280   562.8000     1.6733
   381     0.3027     0.2049    12.1158   553.6000   517.6160   562.8000     1.6733
   382     0.3040     0.2178    12.3425   553.2000   513.0080   562.8000     1.6733
   383     0.3020     0.2156    12.4065   552.8000   514.2560   562.8000     1.6733
   384     0.3051     0.2355    12.4028   552.0000   513.8080   562.8000     1.6733
   385     0.3060     0.2189    12.3461   556.4000   513.6160   562.8000     1.6733
   386     0.3036     0.2134    12.4429   556.8000   514.2880   562.8000     1.6733
   387     0.3011     0.2217    12.8823   549.6000   508.6160   562.8000     1.6733
   388     0.3013     0.2254    12.2896   553.2000   512.9440   562.8000     1.6733
   389     0.3022     0.2129    12.2524   556.4000   514.4720   562.8000     1.6733
   390     0.3009     0.2214    12.2640   555.2000   515.2400   562.8000     1.6733
   391     0.2991     0.2118    12.5127   551.2000   512.1840   562.8000     1.6733
   392     0.3025     0.2312    13.0070   552.4000   508.4400   562.8000     1.6733
   393     0.3049     0.2150    12.8776   556.8000   514.5840   562.8000     1.6733
   394     0.3044     0.2285    12.9927   557.2000   515.6720   562.8000     1.6733
   395     0.3036     0.2193    12.8602   554.8000   515.3920   562.8000     1.6733
   396     0.3038     0.2059    13.0684   556.0000   512.9280   562.8000     1.6733
   397     0.3040     0.2307    13.3344   554.8000   511.1280   562.8000     1.6733
   398     0.3020     0.2197    13.1556   557.2000   512.4800   562.8000     1.6733
   399     0.3016     0.2178    13.4661   556.8000   508.8160   562.8000     1.6733
   400     0.3027     0.2156    13.1775   552.0000   507.3760   562.8000     1.6733
   401     0.3056     0.2263    13.4501   557.2000   505.5120   562.8000     1.6733
   402     0.3053     0.2228    13.0692   556.0000   513.5520   562.8000     1.6733
   403     0.3040     0.2166    12.9069   556.0000   514.0080   562.8000     1.6733
   404     0.2973     0.2104    12.8821   556.4000   511.4000   563.2000     1.6733
   405     0.3005     0.1971    12.7089   554.0000   506.1840   563.2000     1.6733
   406     0.3038     0.2173    12.9788   555.6000   504.6400   563.2000     1.6733
   407     0.3016     0.2042    12.5267   554.4000   510.2880   563.2000     1.6733
   408     0.2996     0.1962    12.5948   550.0000   507.0720   563.2000     1.6733
   409     0.3016     0.2105    13.0145   555.2000   503.8640   563.2000     1.6733
   410     0.3049     0.2086    12.5401   551.6000   503.3680   563.2000     1.6733
   411     0.3027     0.1995    12.3907   555.6000   511.7680   563.2000     1.6733
   412     0.3080     0.2305    13.2118   556.0000   502.4880   563.2000     1.6733
   413     0.3067     0.2081    12.5757   556.8000   510.6800   563.2000     1.6733
   414     0.3057     0.2153    12.9642   557.2000   507.8880   563.2000     1.6733
   415     0.3058     0.2115    13.1143   553.6000   512.4480   563.2000     1.6733
   416     0.3049     0.2043    12.6650   555.6000   514.4240   563.2000     1.6733
   417     0.3007     0.2064    12.3553   554.4000   516.5920   563.2000     1.6733
   418     0.3033     0.2120    12.8062   552.0000   511.0800   563.2000     1.6733
   419     0.3018     0.2204    12.4918   550.8000   513.2480   563.2000     1.6733
   420     0.2969     0.2183    12.9125   553.6000   514.2160   563.2000     1.6733
   421     0.3024     0.2160    13.0934   552.4000   512.1280   563.2000     1.6733
   422     0.3058     0.2346    13.2709   554.4000   511.2000   563.2000     1.6733
   423     0.3034     0.2235    13.0109   553.6000   518.2000   563.2000     1.6733
   424     0.3049     0.2203    13.1936   554.8000   517.4880   563.2000     1.6733
   425     0.3051     0.2341    12.7902   554.0000   520.0400   563.2000     1.6733
   426     0.3078     0.2326    12.8596   555.6000   521.7200   563.2000     1.6733
   427     0.3056     0.2179    12.9127   556.4000   520.8880   563.2000     1.6733
   428     0.3013     0.2053    12.9058   554.0000   515.0800   563.2000     1.6733
   429     0.3044     0.2179    12.8245   555.6000   513.2720   563.2000     1.6733
   430     0.3067     0.2138    12.9636   553.2000   512.9440   563.2000     1.6733
   431     0.3024     0.2214    13.2896   552.4000   510.1840   563.2000     1.6733
   432     0.3047     0.2253    13.6771   553.2000   508.0640   563.2000     1.6733
   433     0.3040     0.2146    13.0785   554.8000   509.3120   563.2000     1.6733
   434     0.3064     0.2187    13.2395   553.6000   511.8800   563.2000     1.6733
   435     0.3078     0.2268    13.1878   556.8000   512.4720   563.2000     1.6733
   436     0.3040     0.2203    12.9283   557.2000   515.6880   563.2000     1.6733
   437     0.3049     0.2264    12.8134   556.4000   512.9760   563.2000     1.6733
   438     0.3049     0.2251    12.3993   554.4000   517.5600   563.2000     1.6733
   439     0.3078     0.2240    12.3094   556.4000   520.1600   563.2000     1.6733
   440     0.3051     0.2036    11.8650   555.6000   524.7760   563.2000     1.6733
   441     0.3064     0.2213    12.3394   555.6000   522.6560   563.2000     1.6733
   442     0.3073     0.2347    12.2918   557.6000   521.7680   563.2000     1.6733
   443     0.3060     0.2259    12.3352   557.6000   524.9200   563.2000     1.6733
   444     0.3060     0.2297    12.1977   558.8000   523.6640   563.2000     1.6733
   445     0.3071     0.2217    12.5990   554.8000   520.9360   563.2000     1.6733
   446     0.3084     0.2268    12.8482   557.2000   517.4720   563.2000     1.6733
   447     0.3053     0.2128    12.3716   558.8000   522.5360   563.2000     1.6733
   448     0.3091     0.2123    12.3414   558.8000   522.9840   563.2000     1.6733
   449     0.3073     0.2267    12.1683   558.8000   528.1840   563.2000     1.6733
   450     0.3080     0.2313    11.8439   558.8000   526.3680   563.2000     1.6733
   451     0.3073     0.2270    11.4947   559.2000   529.6240   563.2000     1.6733
   452     0.3076     0.2287    11.7548   556.4000   528.9760   563.2000     1.6733
   453     0.3067     0.2251    11.4405   558.4000   528.6400   563.2000     1.6733
   454     0.3082     0.2323    11.6953   556.8000   527.3200   563.2000     1.6733
   455     0.3069     0.2257    11.5295   558.4000   528.5760   563.2000     1.6733
   456     0.3091     0.2151    12.0338   558.0000   524.3680   563.2000     1.6733
   457     0.3096     0.2218    12.0327   558.0000   524.4320   563.2000     1.6733
   458     0.3073     0.2288    12.3507   558.4000   520.9840   563.2000     1.6733
   459     0.3056     0.2293    12.6103   557.2000   517.7600   563.2000     1.6733
   460     0.3024     0.2177    12.4487   557.2000   517.6240   563.2000     1.6733
   461     0.3067     0.2284    12.7027   556.4000   515.0080   563.2000     1.6733
   462     0.3078     0.2236    12.4180   556.8000   515.4880   563.2000     1.6733
   463     0.3062     0.2287    12.3667   558.8000   517.4400   563.2000     1.6733
   464     0.3056     0.2189    12.2766   557.2000   518.6960   563.2000     1.6733
   465     0.3044     0.2301    12.2452   557.2000   518.2400   563.2000     1.6733
   466     0.3018     0.2107    12.0155   556.0000   517.8160   563.2000     1.6733
   467     0.3058     0.2204    12.2558   555.2000   513.5760   563.2000     1.6733
   468     0.3029     0.2250    12.2798   555.6000   515.1360   563.2000     1.6733
   469     0.3064     0.2180    12.0705   556.0000   517.5840   563.2000     1.6733
   470     0.3047     0.2192    12.2567   555.2000   515.9600   563.2000     1.6733
   471     0.3051     0.2098    11.7229   556.4000   520.1440   563.2000     1.6733
   472     0.3076     0.2087    11.7657   558.0000   520.3520   563.2000     1.6733
   473     0.3051     0.2206    12.0831   557.6000   520.8960   563.2000     1.6733
   474     0.3013     0.2297    12.3771   554.8000   517.6720   563.2000     1.6733
   475     0.3018     0.2060    12.4576   553.2000   516.2000   563.2000     1.6733
   476     0.3011     0.2285    12.7927   552.8000   512.2560   563.2000     1.6733
   477     0.3040     0.2152    12.6313   549.6000   511.6880   563.2000     1.6733
   478     0.3022     0.2372    13.1050   552.4000   510.4320   563.2000     1.6733
   479     0.3031     0.2177    12.6808   552.4000   510.8640   563.2000     1.6733
   480     0.3047     0.2131    13.1530   553.2000   510.0160   563.2000     1.6733
   481     0.3042     0.2217    13.6568   553.6000   506.8000   563.2000     1.6733
   482     0.3029     0.2268    13.9704   553.6000   505.5520   563.2000     1.6733
   483     0.3013     0.2238    13.6805   554.8000   506.8160   563.2000     1.6733
   484     0.3016     0.2150    13.5556   553.6000   509.0000   563.2000     1.6733
   485     0.2998     0.2222    13.6856   554.0000   505.8720   563.2000     1.6733
   486     0.3004     0.2250    13.6024   549.6000   508.0880   563.2000     1.6733
   487     0.2989     0.2065    12.9329   554.4000   512.1920   563.2000     1.6733
   488     0.3004     0.2133    13.4015   551.6000   509.7920   563.2000     1.6733
   489     0.3033     0.2285    13.3809   550.4000   507.8080   563.2000     1.6733
   490     0.3069     0.2231    13.4299   554.0000   510.2000   563.2000     1.6733
   491     0.3044     0.2305    13.1776   555.2000   509.8560   563.2000     1.6733
   492     0.3022     0.2374    13.1300   552.0000   507.9840   563.2000     1.6733
   493     0.3031     0.2184    12.9745   551.6000   512.6240   563.2000     1.6733
   494     0.3053     0.2298    12.9767   552.4000   511.6640   563.2000     1.6733
   495     0.3036     0.2187    12.5558   553.2000   518.9360   563.2000     1.6733
   496     0.3053     0.1972    12.2018   554.8000   517.6720   563.2000     1.6733
   497     0.3031     0.2194    12.5793   553.6000   511.7760   563.2000     1.6733
   498     0.3033     0.2244    12.6988   549.2000   509.9440   563.2000     1.6733
   499     0.3024     0.2144    12.8447   550.8000   510.4880   563.2000     1.6733
   500     0.3002     0.2037    12.5541   551.2000   508.6160   563.2000     1.6733
   501     0.3031     0.2178    12.5915   549.6000   511.7920   563.2000     1.6733
   502     0.3023     0.2136    12.3987   554.8000   513.4560   563.2000     1.6733
   503     0.3013     0.2098    12.1112   553.2000   516.2560   563.2000     1.6733
   504     0.3042     0.2182    12.1722   551.2000   513.7680   563.2000     1.6733
   505     0.3004     0.2160    12.3432   556.4000   513.1280   563.2000     1.6733
   506     0.3011     0.2308    12.7304   553.2000   509.5680   563.2000     1.6733
   507     0.3009     0.2203    12.7682   550.8000   511.1920   563.2000     1.6733
   508     0.3051     0.2186    12.6047   550.4000   512.4560   563.2000     1.6733
   509     0.3031     0.2242    12.5961   550.8000   510.9040   563.2000     1.6733
   510     0.3011     0.2266    12.7731   553.6000   513.1680   563.2000     1.6733
   511     0.3022     0.2093    13.2682   555.2000   511.4720   563.2000     1.6733
   512     0.2998     0.2180    13.1092   550.8000   509.7680   563.2000     1.6733
   513     0.3027     0.2094    13.2024   552.8000   509.0640   563.2000     1.6733
   514     0.3047     0.2322    13.4111   556.4000   505.8560   563.2000     1.6733
   515     0.3007     0.2183    12.9496   553.2000   510.2080   563.2000     1.6733
   516     0.3007     0.2213    12.9102   548.8000   507.1040   563.2000     1.6733
   517     0.2987     0.2204    12.9073   551.6000   510.4080   563.2000     1.6733
   518     0.3004     0.2164    12.9530   549.2000   510.7520   563.2000     1.6733
   519     0.3027     0.2185    13.0751   550.4000   511.1600   563.2000     1.6733
   520     0.3052     0.2395    13.3363   556.4000   509.0080   563.2000     1.6733
   521     0.3036     0.2183    13.1548   557.6000   513.0000   563.2000     1.6733
   522     0.2984     0.2144    13.1208   554.8000   511.8080   563.2000     1.6733
   523     0.3007     0.2205    13.3174   555.2000   509.1760   563.2000     1.6733
   524     0.3036     0.2236    13.0354   553.2000   507.6080   563.2000     1.6733
   525     0.3040     0.2083    12.7701   553.2000   513.5520   563.2000     1.6733
   526     0.3022     0.2068    12.6629   553.6000   514.6800   563.2000     1.6733
   527     0.3011     0.2190    12.6736   556.4000   517.5440   563.2000     1.6733
   528     0.3062     0.2145    12.2349   556.4000   514.2240   563.2000     1.6733
   529     0.3009     0.2143    12.3682   554.8000   512.5920   563.2000     1.6733
   530     0.3047     0.2012    12.0522   554.4000   510.4880   563.2000     1.6733
   531     0.3048     0.2170    12.4780   554.4000   512.0960   563.2000     1.6733
   532     0.2986     0.2137    12.4416   552.4000   513.3280   563.2000     1.6733
   533     0.3020     0.2199    12.7337   554.4000   515.2400   563.2000     1.6733
   534     0.3029     0.2286    12.6335   554.8000   514.6080   563.2000     1.6733
   535     0.3013     0.2189    12.4281   550.4000   516.2800   563.2000     1.6733
   536     0.3020     0.2142    12.5287   555.6000   513.6080   563.2000     1.6733
   537     0.3069     0.2177    12.2328   554.8000   512.6720   563.2000     1.6733
   538     0.3023     0.2147    12.3788   554.0000   510.4560   563.2000     1.6733
   539     0.3040     0.2073    12.4369   554.4000   512.0480   563.2000     1.6733
   540     0.3038     0.2227    12.3241   554.8000   511.3920   563.2000     1.6733
   541     0.3044     0.2156    12.1904   554.4000   512.7280   563.2000     1.6733
   542     0.2984     0.2070    11.8578   554.0000   515.3840   563.2000     1.6733
   543     0.3051     0.2254    12.0785   551.2000   511.1040   563.2000     1.6733
   544     0.3027     0.2219    12.2593   555.2000   513.6880   563.2000     1.6733
   545     0.3038     0.2216    12.2668   555.2000   511.3280   563.2000     1.6733
   546     0.3038     0.2249    12.5767   550.0000   511.0080   563.2000     1.6733
   547     0.3011     0.2138    12.3576   549.2000   508.7760   563.2000     1.6733
   548     0.3062     0.2225    12.3553   553.6000   504.7680   563.2000     1.6733
   549     0.2988     0.2036    12.1300   552.0000   506.5120   563.2000     1.6733
   550     0.3033     0.2243    12.5802   548.8000   503.4560   563.2000     1.6733
   551     0.3027     0.2174    13.2108   550.0000   500.1840   563.2000     1.6733
   552     0.2998     0.2226    13.0204   552.0000   504.5280   563.2000     1.6733
   553     0.3024     0.2296    12.6696   552.4000   504.6000   563.2000     1.6733
   554     0.3018     0.2048    12.2124   550.8000   511.9680   563.2000     1.6733
   555     0.3000     0.2099    12.3559   549.2000   510.3440   563.2000     1.6733
   556     0.3029     0.2235    12.4377   553.2000   505.4240   563.2000     1.6733
   557     0.3002     0.2122    12.4358   551.2000   510.4560   563.2000     1.6733
   558     0.3027     0.2153    12.4702   551.2000   508.3920   563.2000     1.6733
   559     0.3020     0.2255    12.4514   550.8000   506.4880   563.2000     1.6733
   560     0.3009     0.2072    12.6790   546.4000   506.7120   563.2000     1.6733
   561     0.3000     0.2158    12.9972   551.6000   502.2720   563.2000     1.6733
   562     0.3011     0.2135    13.1579   549.2000   499.7760   563.2000     1.6733
   563     0.3038     0.2121    12.8653   554.4000   504.3680   563.2000     1.6733
   564     0.3036     0.2186    12.7087   555.2000   505.5040   563.2000     1.6733
   565     0.2989     0.2206    13.0875   551.6000   502.7440   563.2000     1.6733
   566     0.2976     0.2100    13.6010   547.2000   500.1440   563.2000     1.6733
   567     0.3049     0.2184    13.3603   553.6000   503.8400   563.2000     1.6733
   568     0.3033     0.2314    13.0823   554.0000   503.9600   563.2000     1.6733
   569     0.2989     0.2098    12.8475   551.6000   509.4720   563.2000     1.6733
   570     0.3020     0.2316    13.1829   553.2000   504.8240   563.2000     1.6733
   571     0.3049     0.2235    12.9851   550.0000   504.4000   563.2000     1.6733
   572     0.3009     0.2175    12.8374   551.2000   506.7920   563.2000     1.6733
   573     0.2980     0.2139    12.3342   549.2000   506.8560   563.2000     1.6733
   574     0.3008     0.2183    12.4857   548.8000   506.5200   563.2000     1.6733
   575     0.3011     0.2236    12.3523   550.8000   507.2480   563.2000     1.6733
   576     0.3018     0.2129    13.0304   552.4000   502.2080   563.2000     1.6733
   577     0.3030     0.2234    12.6416   553.2000   503.8880   563.2000     1.6733
   578     0.3029     0.2138    12.0090   549.6000   510.7120   563.2000     1.6733
   579     0.3002     0.2224    12.7086   551.6000   507.9920   563.2000     1.6733
   580     0.2986     0.2025    12.6416   552.0000   506.7200   563.2000     1.6733
   581     0.2953     0.2180    12.9127   547.6000   503.7600   563.2000     1.6733
   582     0.2989     0.2223    12.8020   546.4000   500.4080   563.2000     1.6733
   583     0.2984     0.2120    12.9340   544.4000   502.9920   563.2000     1.6733
   584     0.3016     0.2130    12.6194   546.8000   502.5840   563.2000     1.6733
   585     0.2976     0.2147    12.6387   545.2000   503.7760   563.2000     1.6733
   586     0.2953     0.2183    12.8841   546.8000   502.6800   563.2000     1.6733
   587     0.2951     0.2224    13.3402   546.8000   498.1040   563.2000     1.6733
   588     0.2962     0.2148    13.2883   548.0000   502.1120   563.2000     1.6733
   589     0.2987     0.2274    13.1910   549.2000   502.9200   563.2000     1.6733
   590     0.2983     0.2236    13.1303   547.6000   504.0240   563.2000     1.6733
   591     0.2983     0.2209    13.1607   548.8000   504.4000   563.2000     1.6733
   592     0.3004     0.2158    13.1525   547.6000   503.3600   563.2000     1.6733
   593     0.3000     0.2090    13.1256   550.8000   504.0320   563.2000     1.6733
   594     0.3002     0.2076    12.8487   547.6000   504.8320   563.2000     1.6733
   595     0.3018     0.2095    12.8460   549.6000   504.9840   563.2000     1.6733
   596     0.3000     0.2063    12.7829   547.6000   506.5680   563.2000     1.6733
   597     0.3002     0.2110    12.9819   548.8000   506.2800   563.2000     1.6733
   598     0.2985     0.2209    13.0900   549.2000   506.7520   563.2000     1.6733
   599     0.3002     0.2061    12.8343   550.8000   506.6880   563.2000     1.6733
   600     0.3009     0.1959    13.3789   549.6000   500.4800   563.2000     1.6733
   601     0.2991     0.2045    13.2929   548.4000   504.0320   563.2000     1.6733
   602     0.2959     0.2144    13.6519   544.4000   498.4800   563.2000     1.6733
   603     0.2973     0.2225    13.1378   547.2000   503.5680   563.2000     1.6733
   604     0.3029     0.2154    13.3004   548.8000   507.0800   563.2000     1.6733
   605     0.3016     0.2096    13.1736   550.8000   503.1520   563.2000     1.6733
   606     0.3044     0.2283    13.0051   554.0000   506.5280   563.2000     1.6733
   607     0.3029     0.2279    12.9745   554.4000   507.6800   563.2000     1.6733
   608     0.3031     0.2263    12.7633   553.2000   510.8080   563.2000     1.6733
   609     0.3004     0.2154    12.9838   554.0000   509.7360   563.2000     1.6733
   610     0.3038     0.2103    12.6549   551.6000   507.7520   563.2000     1.6733
   611     0.2969     0.2088    12.6255   551.6000   509.6480   563.2000     1.6733
   612     0.2959     0.2040    12.5125   551.6000   506.1840   563.2000     1.6733
   613     0.2999     0.2021    12.6782   553.6000   508.5040   563.2000     1.6733
   614     0.2986     0.2185    12.8452   550.8000   509.4640   563.2000     1.6733
   615     0.3022     0.2192    12.6824   554.4000   508.6480   563.2000     1.6733
   616     0.3033     0.2125    12.5683   554.8000   510.9920   563.2000     1.6733
   617     0.3047     0.2212    12.6209   553.6000   509.6080   563.2000     1.6733
   618     0.3042     0.2209    12.7687   552.8000   513.2640   563.2000     1.6733
   619     0.3024     0.2319    13.2286   555.6000   514.1200   563.2000     1.6733
   620     0.3038     0.2327    13.0927   555.2000   514.8560   563.2000     1.6733
   621     0.3024     0.2201    13.0194   550.8000   512.1680   563.2000     1.6733
   622     0.3027     0.2250    13.0460   552.0000   511.8880   563.2000     1.6733
   623     0.3058     0.2147    13.1197   551.6000   512.0480   563.2000     1.6733
   624     0.2980     0.2199    13.4651   553.6000   511.7760   563.2000     1.6733
   625     0.3000     0.2276    13.7855   552.0000   507.4960   563.2000     1.6733
   626     0.3038     0.2221    13.6612   547.6000   507.2560   563.2000     1.6733
   627     0.3007     0.2182    13.1784   552.8000   511.0800   563.2000     1.6733
   628     0.3041     0.2227    12.8676   556.0000   513.6080   563.2000     1.6733
   629     0.3056     0.2228    13.3780   553.6000   508.8560   563.2000     1.6733
   630     0.3031     0.2277    12.8028   556.4000   513.4880   563.2000     1.6733
   631     0.3067     0.2282    12.8219   554.8000   515.1840   563.2000     1.6733
   632     0.3060     0.2188    12.6016   558.0000   518.0800   563.2000     1.6733
   633     0.2993     0.2208    12.6111   556.0000   516.4400   563.2000     1.6733
   634     0.3029     0.2249    12.6616   552.0000   515.0320   563.2000     1.6733
   635     0.3042     0.2314    12.6996   552.8000   515.2240   563.2000     1.6733
   636     0.3062     0.2174    12.2557   556.8000   519.2560   563.2000     1.6733
   637     0.3053     0.2305    12.0996   557.2000   520.4400   563.2000     1.6733
   638     0.3024     0.2144    12.1832   557.6000   520.0720   563.2000     1.6733
   639     0.3084     0.2196    12.3858   559.2000   519.4000   563.2000     1.6733
   640     0.3065     0.2306    12.2418   558.8000   519.5600   563.2000     1.6733
   641     0.3047     0.2131    12.2336   555.2000   521.1360   563.2000     1.6733
   642     0.3033     0.2138    12.2322   558.0000   521.3760   563.2000     1.6733
   643     0.3082     0.2285    12.4441   554.8000   514.5840   563.2000     1.6733
   644     0.3087     0.2332    12.3479   558.0000   519.1200   563.2000     1.6733
   645     0.3041     0.2241    12.1708   558.4000   520.3440   563.2000     1.6733
   646     0.3058     0.2286    12.3757   557.2000   519.0480   563.2000     1.6733
   647     0.3058     0.2397    12.3814   556.0000   518.3200   563.2000     1.6733
   648     0.3058     0.2092    11.8712   556.0000   520.9120   563.2000     1.6733
   649     0.3064     0.2277    12.0952   557.2000   519.2400   563.2000     1.6733
   650     0.3044     0.2062    11.8465   556.8000   523.8160   563.2000     1.6733
   651     0.3041     0.2228    12.5076   552.0000   518.1360   563.2000     1.6733
   652     0.3042     0.2192    12.3055   554.8000   517.8480   563.2000     1.6733
   653     0.3042     0.2212    12.4865   554.8000   517.0480   563.2000     1.6733
   654     0.3007     0.2087    11.9590   553.6000   520.5280   563.2000     1.6733
   655     0.3029     0.2162    12.0085   551.2000   516.5520   563.6000     1.6733
   656     0.3029     0.2174    11.9840   555.6000   511.9920   563.6000     1.6733
   657     0.3041     0.2199    12.4139   556.4000   514.1360   563.6000     1.6733
   658     0.3015     0.2209    12.0264   555.2000   517.0160   563.6000     1.6733
   659     0.3018     0.2085    11.7923   551.2000   514.4320   563.6000     1.6733
   660     0.3011     0.2306    11.9280   552.4000   513.7840   563.6000     1.6733
   661     0.3008     0.2097    11.8209   551.6000   512.8000   563.6000     1.6733
   662     0.3002     0.2116    12.1504   553.6000   508.4720   563.6000     1.6733
   663     0.3020     0.2092    12.1190   554.0000   509.0000   563.6000     1.6733
   664     0.3049     0.2146    11.8198   554.8000   509.3040   563.6000     1.6733
   665     0.3040     0.2074    11.8139   554.8000   514.8160   563.6000     1.6733
   666     0.2980     0.2145    12.0114   551.6000   514.0640   563.6000     1.6733
   667     0.3038     0.2222    12.3515   551.2000   509.8640   563.6000     1.6733
   668     0.3008     0.2068    12.3804   551.6000   512.7520   563.6000     1.6733
   669     0.3029     0.2267    12.5491   553.6000   511.0320   563.6000     1.6733
   670     0.2993     0.2251    12.5007   548.8000   507.7680   563.6000     1.6733
   671     0.3022     0.2178    12.4707   554.0000   505.4640   563.6000     1.6733
   672     0.3010     0.2093    12.4877   552.0000   509.3600   563.6000     1.6733
   673     0.2982     0.2180    12.5605   554.0000   505.4640   563.6000     1.6733
   674     0.2993     0.2245    12.7931   554.4000   502.1600   563.6000     1.6733
   675     0.2982     0.2079    12.5584   548.8000   502.2400   563.6000     1.6733
   676     0.3000     0.2094    13.1481   549.2000   499.1040   563.6000     1.6733
   677     0.2996     0.2201    12.7479   552.0000   503.1120   563.6000     1.6733
   678     0.2957     0.2252    12.7636   545.6000   502.9440   563.6000     1.6733
   679     0.2960     0.2114    12.7448   549.6000   500.3120   563.6000     1.6733
   680     0.2967     0.2027    13.0351   545.6000   500.3200   563.6000     1.6733
   681     0.3015     0.2189    13.5154   548.0000   496.7920   563.6000     1.6733
   682     0.2989     0.2205    12.5548   545.6000   502.3680   563.6000     1.6733
   683     0.3007     0.2209    12.5918   552.0000   505.6160   563.6000     1.6733
   684     0.3000     0.1997    12.3585   544.8000   506.4800   563.6000     1.6733
   685     0.2973     0.2112    12.8893   545.2000   502.0640   563.6000     1.6733
   686     0.3007     0.2112    12.5543   550.8000   501.9920   563.6000     1.6733
   687     0.2984     0.2166    12.5704   550.4000   504.4880   563.6000     1.6733
   688     0.3016     0.2218    13.1469   550.0000   503.0400   563.6000     1.6733
   689     0.2984     0.2178    13.1381   550.0000   502.7600   563.6000     1.6733
   690     0.3009     0.2292    13.3438   552.4000   503.0160   563.6000     1.6733
   691     0.3021     0.2163    12.9447   552.4000   509.4720   563.6000     1.6733
   692     0.3036     0.2173    12.9432   551.6000   509.8240   563.6000     1.6733
   693     0.3029     0.2178    13.0282   554.8000   508.9920   563.6000     1.6733
   694     0.3026     0.2276    12.7220   556.0000   511.8480   563.6000     1.6733
   695     0.3018     0.2240    13.0080   552.8000   508.7200   563.6000     1.6733
   696     0.3024     0.2209    13.0704   554.0000   509.6560   563.6000     1.6733
   697     0.2971     0.2167    12.9171   553.2000   508.2880   563.6000     1.6733
   698     0.2993     0.2219    13.4018   547.6000   504.0960   563.6000     1.6733
   699     0.3020     0.2321    13.3917   548.0000   508.4400   563.6000     1.6733
   700     0.3031     0.2140    12.7381   551.2000   514.2080   563.6000     1.6733
   701     0.2987     0.2055    12.7704   553.6000   511.0960   563.6000     1.6733
   702     0.3004     0.2218    13.1891   554.0000   507.3040   563.6000     1.6733
   703     0.2984     0.2138    13.1589   554.0000   507.1600   563.6000     1.6733
   704     0.3033     0.2075    12.6266   548.4000   508.2720   563.6000     1.6733
   705     0.3044     0.2182    13.0175   549.2000   508.3840   563.6000     1.6733
   706     0.3040     0.2280    12.7951   551.2000   504.5280   563.6000     1.6733
   707     0.2991     0.2186    12.6083   550.8000   507.3200   563.6000     1.6733
   708     0.3049     0.2265    12.8310   550.8000   503.6640   563.6000     1.6733
   709     0.3029     0.2177    12.5788   553.6000   504.2800   563.6000     1.6733
   710     0.3000     0.2113    12.3659   549.6000   506.5360   563.6000     1.6733
   711     0.3014     0.2229    12.0178   550.0000   509.7760   563.6000     1.6733
   712     0.3016     0.2208    12.4263   550.0000   507.3120   563.6000     1.6733
   713     0.2978     0.2110    12.3357   548.4000   509.9200   563.6000     1.6733
   714     0.3030     0.2259    12.5507   551.6000   506.5760   563.6000     1.6733
   715     0.3038     0.2065    12.3951   552.8000   506.7760   563.6000     1.6733
   716     0.2975     0.2105    12.5247   554.0000   506.6000   563.6000     1.6733
   717     0.3009     0.2240    12.7807   548.8000   501.5760   563.6000     1.6733
   718     0.3029     0.2200    12.5757   550.4000   503.6800   563.6000     1.6733
   719     0.3056     0.2159    12.7535   552.0000   504.0080   563.6000     1.6733
   720     0.3067     0.2261    13.0482   553.2000   505.3440   563.6000     1.6733
   721     0.3024     0.2182    12.5794   553.2000   507.0000   563.6000     1.6733
   722     0.2993     0.2190    12.7143   550.8000   504.7840   563.6000     1.6733
   723     0.3002     0.2252    12.8073   552.0000   504.0880   563.6000     1.6733
   724     0.2982     0.2280    12.8111   547.2000   506.6320   563.6000     1.6733
   725     0.3009     0.2172    13.0596   550.4000   505.1120   563.6000     1.6733
   726     0.3036     0.2253    13.1489   549.2000   505.6960   563.6000     1.6733
   727     0.3028     0.2137    12.8735   549.2000   507.6400   563.6000     1.6733
   728     0.3020     0.2266    12.3198   552.4000   509.4560   563.6000     1.6733
   729     0.2958     0.2103    12.1078   550.8000   510.2000   563.6000     1.6733
   730     0.3060     0.2263    12.6446   551.6000   503.2640   563.6000     1.6733
   731     0.3028     0.2136    12.8653   553.6000   505.9520   563.6000     1.6733
   732     0.3011     0.2203    13.1835   553.2000   502.9120   563.6000     1.6733
   733     0.3047     0.2158    12.9376   552.8000   505.4080   563.6000     1.6733
   734     0.3002     0.2012    12.4002   551.2000   505.9600   563.6000     1.6733
   735     0.2984     0.2219    13.1747   550.8000   499.5440   563.6000     1.6733
   736     0.3000     0.2128    12.9607   549.2000   504.5200   563.6000     1.6733
   737     0.3004     0.2042    12.7654   548.4000   505.8160   563.6000     1.6733
   738     0.2998     0.2111    12.7874   545.6000   503.4880   563.6000     1.6733
   739     0.3022     0.2155    12.9752   550.0000   505.3280   563.6000     1.6733
   740     0.3013     0.2217    13.0206   552.0000   505.7840   563.6000     1.6733
   741     0.3004     0.2224    13.0539   552.4000   505.2800   563.6000     1.6733
   742     0.2993     0.2203    12.8751   548.8000   510.2720   563.6000     1.6733
   743     0.3040     0.2154    12.8504   549.6000   504.6560   563.6000     1.6733
   744     0.2962     0.2016    12.9215   552.8000   506.4240   563.6000     1.6733
   745     0.3002     0.2074    13.0797   547.6000   502.7120   563.6000     1.6733
   746     0.3050     0.2253    13.1600   551.2000   500.5680   563.6000     1.6733
   747     0.3040     0.2205    12.7076   554.0000   509.0480   563.6000     1.6733
   748     0.2996     0.2173    13.0957   554.8000   506.3440   563.6000     1.6733
   749     0.3017     0.2196    13.0740   551.6000   508.8720   563.6000     1.6733
   750     0.3008     0.2327    13.1487   555.2000   510.8960   563.6000     1.6733
   751     0.3054     0.2208    13.1158   554.8000   508.1760   563.6000     1.6733
   752     0.2987     0.2272    13.2802   552.8000   507.1680   563.6000     1.6733
   753     0.3020     0.2131    12.8235   550.4000   507.7440   563.6000     1.6733
   754     0.3027     0.2257    13.1218   549.2000   503.4880   563.6000     1.6733
   755     0.3016     0.2299    12.9140   548.4000   510.5040   563.6000     1.6733
   756     0.3073     0.2089    12.4282   554.0000   516.2800   564.0000     1.6733
   757     0.3040     0.2105    12.7458   554.0000   514.8240   564.0000     1.6733
   758     0.3001     0.2113    12.8183   554.4000   515.9680   564.0000     1.6733
   759     0.3062     0.2258    12.7918   554.8000   514.0320   564.0000     1.6733
   760     0.3060     0.2199    12.5127   556.4000   519.6320   564.0000     1.6733
   761     0.3039     0.2299    13.0392   556.4000   512.4880   564.0000     1.6733
   762     0.3032     0.2242    12.8602   554.8000   515.3760   564.0000     1.6733
   763     0.3032     0.2147    12.6214   555.2000   516.1040   564.0000     1.6733
   764     0.3042     0.2238    12.8900   554.8000   516.1680   564.0000     1.6733
   765     0.3033     0.2119    12.1140   555.2000   521.3360   564.0000     1.6733
   766     0.3039     0.2164    12.0230   555.6000   520.4080   564.0000     1.6733
   767     0.3024     0.2176    11.9412   556.0000   517.3680   564.0000     1.6733
   768     0.3038     0.2070    12.1690   555.2000   513.5280   564.0000     1.6733
   769     0.3011     0.2020    11.8353   555.6000   513.5200   564.4000     1.6733
   770     0.2982     0.1827    12.2029   546.4000   508.2640   564.4000     1.6733
   771     0.2951     0.2131    12.5355   547.2000   506.3120   564.4000     1.6733
   772     0.3000     0.2200    12.8519   548.4000   500.6960   564.4000     1.6733
   773     0.2988     0.2158    12.7355   545.2000   503.4720   564.4000     1.6733
   774     0.3033     0.2199    12.7993   551.6000   506.8320   564.4000     1.6733
   775     0.3036     0.2150    12.7866   551.2000   505.7840   564.4000     1.6733
   776     0.3031     0.2047    12.7025   552.4000   511.6240   564.4000     1.6733
   777     0.3040     0.2275    12.6191   555.2000   508.8880   564.4000     1.6733
   778     0.3016     0.2175    12.2397   554.4000   512.7520   564.4000     1.6733
   779     0.3069     0.2225    12.4922   556.4000   510.1760   564.4000     1.6733
   780     0.3018     0.2204    12.7058   554.0000   506.1920   564.4000     1.6733
   781     0.3010     0.2096    12.6762   552.4000   508.5600   564.4000     1.6733
   782     0.3042     0.2252    12.3456   554.4000   510.1520   564.4000     1.6733
   783     0.3027     0.2161    12.2893   550.0000   510.6640   564.4000     1.6733
   784     0.3031     0.2108    12.0900   554.0000   511.5120   564.4000     1.6733
   785     0.3033     0.2144    12.0467   552.4000   511.3440   564.4000     1.6733
   786     0.3038     0.2316    12.0403   555.2000   514.2000   564.4000     1.6733
   787     0.3047     0.2211    11.9182   554.8000   512.1120   564.4000     1.6733
   788     0.3029     0.2035    11.5287   554.8000   514.6800   564.4000     1.6733
   789     0.3029     0.2145    11.7530   552.0000   513.4960   564.4000     1.6733
   790     0.3032     0.2293    12.0723   553.6000   508.2800   564.4000     1.6733
   791     0.2993     0.2131    11.7837   552.4000   513.3200   564.4000     1.6733
   792     0.3051     0.2192    12.1827   552.4000   509.5600   564.4000     1.6733
   793     0.3000     0.2146    12.0472   552.8000   514.6640   564.4000     1.6733
   794     0.3011     0.2158    12.4993   553.2000   506.7520   564.4000     1.6733
   795     0.2980     0.2218    12.5884   551.2000   508.1920   564.4000     1.6733
   796     0.3051     0.2114    12.6328   551.2000   509.6640   564.4000     1.6733
   797     0.3038     0.1988    12.7830   550.8000   509.5280   564.4000     1.6733
   798     0.3003     0.2024    13.0656   551.6000   506.4640   564.4000     1.6733
   799     0.2993     0.2129    13.1211   552.8000   502.8960   564.4000     1.6733
   800     0.3043     0.2227    12.8034   552.8000   507.7760   564.4000     1.6733
   801     0.3058     0.2093    12.3017   552.8000   510.3200   564.4000     1.6733
   802     0.3032     0.2263    12.9920   553.2000   509.4800   564.4000     1.6733
   803     0.3033     0.2166    12.5732   551.6000   511.3520   564.4000     1.6733
   804     0.3027     0.2175    12.5972   553.2000   512.6880   564.4000     1.6733
   805     0.2970     0.2146    12.6735   554.8000   509.7600   564.4000     1.6733
   806     0.3036     0.2146    13.2764   552.4000   507.8000   564.4000     1.6733
   807     0.3047     0.2300    12.9664   551.6000   509.1360   564.4000     1.6733
   808     0.3008     0.2273    12.9855   555.2000   510.1920   564.4000     1.6733
   809     0.3033     0.2272    12.6575   552.4000   511.3600   564.4000     1.6733
   810     0.3033     0.2246    12.6044   552.4000   513.2720   564.4000     1.6733
   811     0.3022     0.2178    12.7327   554.4000   511.6320   564.4000     1.6733
   812     0.3048     0.2212    12.7118   554.0000   511.8880   564.4000     1.6733
   813     0.3009     0.2076    12.4913   555.6000   513.4560   564.4000     1.6733
   814     0.3067     0.2215    12.4327   555.2000   513.5360   564.4000     1.6733
   815     0.3020     0.2244    12.5182   553.6000   510.0160   564.4000     1.6733
   816     0.3029     0.2170    12.5736   550.4000   507.0720   564.4000     1.6733
   817     0.2991     0.2078    12.6318   554.0000   505.4160   564.4000     1.6733
   818     0.3029     0.2109    12.7224   550.4000   503.6000   564.4000     1.6733
   819     0.3013     0.2048    12.5277   550.0000   504.5840   564.4000     1.6733
   820     0.2955     0.1942    12.3316   547.2000   502.0000   564.4000     1.6733
   821     0.2987     0.2099    12.4913   547.2000   502.5040   564.4000     1.6733
   822     0.3022     0.2199    12.4392   550.8000   506.3200   564.4000     1.6733
   823     0.2962     0.2258    12.6157   551.2000   502.8560   564.4000     1.6733
   824     0.2999     0.2223    12.8444   549.6000   501.5120   564.4000     1.6733
   825     0.3011     0.2203    12.3775   551.6000   507.6320   564.4000     1.6733
   826     0.2987     0.2268    12.6614   553.6000   508.9280   564.4000     1.6733
   827     0.3067     0.2153    12.1861   553.2000   513.1760   564.4000     1.6733
   828     0.3009     0.2185    12.7016   554.4000   510.9040   564.4000     1.6733
   829     0.3047     0.2219    12.3693   553.6000   509.6960   564.4000     1.6733
   830     0.3051     0.2302    12.9554   552.4000   507.4800   564.4000     1.6733
   831     0.3011     0.2057    12.3440   550.4000   509.6160   564.4000     1.6733
   832     0.3041     0.2222    12.3933   552.8000   508.3680   564.4000     1.6733
   833     0.3044     0.2322    12.6096   552.8000   511.7520   564.4000     1.6733
   834     0.3027     0.2217    12.5742   554.0000   512.3440   564.4000     1.6733
   835     0.3044     0.2197    12.7842   554.4000   514.3920   564.4000     1.6733
   836     0.3062     0.2077    12.9541   553.6000   513.2400   564.4000     1.6733
   837     0.3036     0.2218    13.1982   554.0000   512.2320   564.4000     1.6733
   838     0.3018     0.2278    13.1605   551.6000   509.2240   564.4000     1.6733
   839     0.3016     0.2222    12.8072   552.8000   509.4800   564.4000     1.6733
   840     0.3020     0.2114    12.8038   549.6000   512.1600   564.4000     1.6733
   841     0.3004     0.2206    12.5197   552.4000   516.4960   564.4000     1.6733
   842     0.3024     0.2258    12.6627   553.2000   516.0480   564.4000     1.6733
   843     0.3016     0.2220    12.8398   552.0000   514.6080   564.4000     1.6733
   844     0.3013     0.2057    12.6140   550.4000   513.6640   564.4000     1.6733
   845     0.3000     0.2202    12.8042   546.8000   507.0320   564.4000     1.6733
   846     0.3016     0.2259    12.7184   550.4000   510.1200   564.4000     1.6733
   847     0.3036     0.2121    12.5468   551.6000   513.1280   564.4000     1.6733
   848     0.2993     0.2100    12.3551   550.8000   513.9600   564.4000     1.6733
   849     0.3017     0.2144    12.6754   548.0000   511.9040   564.4000     1.6733
   850     0.3000     0.1970    12.6062   553.2000   512.7760   564.4000     1.6733
   851     0.3047     0.2057    12.5863   553.6000   513.4480   564.4000     1.6733
   852     0.3040     0.2083    12.4993   556.0000   512.0160   564.4000     1.6733
   853     0.3039     0.2135    13.0127   553.2000   507.8960   564.4000     1.6733
   854     0.3017     0.2148    12.8317   553.2000   512.1760   564.4000     1.6733
   855     0.3033     0.2069    12.5763   551.6000   511.1920   564.4000     1.6733
   856     0.3020     0.2228    12.8400   552.8000   513.9760   564.4000     1.6733
   857     0.3061     0.2284    12.7006   557.2000   513.5200   564.4000     1.6733
   858     0.3016     0.2020    12.5549   556.4000   513.0720   564.4000     1.6733
   859     0.3036     0.2177    12.7176   553.6000   512.4240   564.4000     1.6733
   860     0.3033     0.2125    13.0598   554.4000   508.1760   564.4000     1.6733
   861     0.3001     0.2212    13.0498   552.4000   511.8160   564.4000     1.6733
   862     0.3027     0.2349    12.7306   550.8000   515.4880   564.4000     1.6733
   863     0.3027     0.2058    12.4521   553.6000   516.8400   564.4000     1.6733
   864     0.3033     0.2216    12.8302   549.2000   510.6560   564.4000     1.6733
   865     0.3018     0.2256    12.8382   548.4000   511.4720   564.4000     1.6733
   866     0.3011     0.2238    12.5422   553.6000   513.4640   564.4000     1.6733
   867     0.3033     0.2249    12.3352   548.4000   513.0160   564.4000     1.6733
   868     0.3033     0.2145    12.3589   551.2000   513.0000   564.4000     1.6733
   869     0.3036     0.2184    11.9966   551.6000   514.8640   564.4000     1.6733
   870     0.3007     0.2049    12.0578   548.0000   513.8480   564.4000     1.6733
   871     0.3004     0.2100    12.3783   553.2000   510.0320   564.4000     1.6733
   872     0.3022     0.2227    12.8882   551.6000   508.1200   564.4000     1.6733
   873     0.3029     0.2091    12.5971   552.8000   511.1600   564.4000     1.6733
   874     0.3033     0.2159    12.5523   552.8000   514.0240   564.4000     1.6733
   875     0.3023     0.2265    12.4958   557.6000   515.6800   564.4000     1.6733
   876     0.3047     0.2048    12.3992   554.0000   515.3520   564.4000     1.6733
   877     0.3042     0.2223    12.6251   555.6000   513.8480   564.4000     1.6733
   878     0.3042     0.2192    12.4196   550.0000   512.5840   564.4000     1.6733
   879     0.3013     0.2125    12.2026   554.8000   512.2880   564.4000     1.6733
   880     0.3061     0.2186    12.3471   554.4000   514.9120   564.4000     1.6733
   881     0.3058     0.2250    12.4233   555.2000   515.2080   564.4000     1.6733
   882     0.3011     0.2121    11.9861   557.6000   517.1520   564.4000     1.6733
   883     0.3062     0.2218    12.2382   554.4000   516.1280   564.4000     1.6733
   884     0.3050     0.2218    12.2145   556.0000   516.3280   564.4000     1.6733
   885     0.3073     0.2152    12.1571   558.0000   514.8880   564.4000     1.6733
   886     0.3018     0.2296    12.5110   556.0000   513.5920   564.4000     1.6733
   887     0.3038     0.2085    12.3505   556.0000   512.6000   564.4000     1.6733
   888     0.3010     0.2159    12.2527   554.4000   514.3280   564.4000     1.6733
   889     0.3047     0.2051    12.0906   555.2000   512.7120   564.4000     1.6733
   890     0.3024     0.2103    12.7267   551.2000   510.9440   564.4000     1.6733
   891     0.3054     0.2188    12.7949   554.0000   507.4560   564.4000     1.6733
   892     0.3044     0.2205    12.7892   556.0000   510.2080   564.4000     1.6733
   893     0.3004     0.2225    12.7416   553.6000   508.8000   564.4000     1.6733
   894     0.3069     0.2193    12.3515   556.4000   508.0000   564.4000     1.6733
   895     0.3033     0.2198    12.2276   556.0000   511.3600   564.4000     1.6733
   896     0.3049     0.2078    11.9776   554.0000   514.4800   564.4000     1.6733
   897     0.3011     0.2256    12.4890   552.8000   509.1600   564.4000     1.6733
   898     0.3048     0.2257    12.2420   559.2000   508.3920   564.4000     1.6733
   899     0.3047     0.2183    12.3215   558.4000   507.9920   564.4000     1.6733
   900     0.2971     0.2121    11.9451   554.8000   507.2880   564.4000     1.6733
   901     0.2965     0.2135    11.9187   552.8000   508.6480   564.4000     1.6733
   902     0.2993     0.2250    12.2591   545.6000   503.8960   564.4000     1.6733
   903     0.2976     0.2090    12.0805   552.0000   506.0560   564.4000     1.6733
   904     0.3000     0.2268    12.9447   550.4000   502.3840   564.4000     1.6733
   905     0.3024     0.2120    12.6831   550.4000   504.6880   564.4000     1.6733
   906     0.3037     0.2205    12.6890   555.2000   503.0080   564.4000     1.6733
   907     0.3000     0.2207    12.7223   553.2000   507.0240   564.4000     1.6733
   908     0.3050     0.2158    12.3342   556.8000   510.2720   564.4000     1.6733
   909     0.3040     0.2074    12.8116   554.0000   512.7520   564.4000     1.6733
   910     0.3036     0.2157    12.6220   553.2000   514.6960   564.4000     1.6733
   911     0.3032     0.2115    12.4052   555.2000   517.1280   564.4000     1.6733
   912     0.3053     0.2222    12.5300   555.2000   514.3600   564.4000     1.6733
   913     0.3033     0.2123    12.5946   556.0000   512.2560   564.4000     1.6733
   914     0.3051     0.2184    13.0088   553.6000   508.8480   564.4000     1.6733
   915     0.3029     0.2196    13.1398   558.0000   509.1600   564.4000     1.6733
   916     0.3053     0.2040    13.0454   552.0000   510.4000   564.4000     1.6733
   917     0.3002     0.2356    13.1548   554.4000   510.7120   564.4000     1.6733
   918     0.3002     0.2245    13.2273   550.0000   504.9360   564.4000     1.6733
   919     0.3049     0.2181    12.8413   554.4000   502.8400   564.4000     1.6733
   920     0.2998     0.2244    12.8382   552.4000   504.4400   564.4000     1.6733
   921     0.3004     0.1949    12.9838   550.0000   506.1360   564.4000     1.6733
   922     0.3038     0.2188    12.9456   552.0000   505.7840   564.4000     1.6733
   923     0.3022     0.2196    12.6282   552.8000   508.4320   564.4000     1.6733
   924     0.3038     0.2155    12.3202   552.4000   512.9280   564.4000     1.6733
   925     0.3036     0.2077    12.2109   553.2000   510.4320   564.4000     1.6733
   926     0.3024     0.2183    12.6485   553.6000   510.5360   564.4000     1.6733
   927     0.3038     0.2210    12.6696   549.6000   505.8880   564.4000     1.6733
   928     0.3058     0.2082    12.4021   552.8000   511.2480   564.4000     1.6733
   929     0.3027     0.2283    12.5510   553.2000   511.4960   564.4000     1.6733
   930     0.3069     0.2251    12.8364   553.2000   510.0240   564.4000     1.6733
   931     0.3027     0.2107    12.5682   555.6000   512.3760   564.4000     1.6733
   932     0.3009     0.2090    12.5102   553.6000   511.4320   564.4000     1.6733
   933     0.3044     0.2183    12.7708   550.8000   507.8000   564.4000     1.6733
   934     0.3033     0.2045    12.3551   550.8000   510.1760   564.4000     1.6733
   935     0.3024     0.2167    12.4013   552.0000   512.4080   564.4000     1.6733
   936     0.3058     0.2167    12.6766   552.4000   511.3520   564.4000     1.6733
   937     0.3009     0.2212    12.5829   554.0000   516.5280   564.4000     1.6733
   938     0.3062     0.2117    12.4211   554.4000   513.1280   564.4000     1.6733
   939     0.3051     0.2160    12.6090   554.8000   509.9520   564.4000     1.6733
   940     0.3012     0.2159    12.3891   552.4000   509.6080   564.4000     1.6733
   941     0.3020     0.2214    12.0743   554.0000   513.8400   564.4000     1.6733
   942     0.2996     0.2111    11.9256   552.8000   515.4960   564.4000     1.6733
   943     0.3044     0.2210    12.1946   554.4000   510.8720   564.4000     1.6733
   944     0.2998     0.2102    12.3812   551.6000   507.8640   564.4000     1.6733
   945     0.3024     0.2293    12.4024   555.6000   509.3360   564.4000     1.6733
   946     0.2986     0.1970    12.2165   551.2000   510.4960   564.4000     1.6733
   947     0.3003     0.2103    12.0416   550.0000   511.1520   564.4000     1.6733
   948     0.3047     0.2302    12.1251   550.8000   511.9040   564.4000     1.6733
   949     0.2976     0.2245    12.1324   553.6000   510.7360   564.4000     1.6733
   950     0.2987     0.2238    12.0904   546.4000   509.1440   564.4000     1.6733
   951     0.2968     0.2101    12.4416   549.6000   507.2160   564.4000     1.6733
   952     0.3029     0.2336    12.7322   550.4000   507.9120   564.4000     1.6733
   953     0.3040     0.2339    12.4826   550.4000   507.9680   564.4000     1.6733
   954     0.3024     0.2274    12.3829   550.4000   511.5360   564.4000     1.6733
   955     0.3042     0.2059    11.9450   553.2000   514.7680   564.4000     1.6733
   956     0.3016     0.2070    12.1651   554.4000   516.1440   564.4000     1.6733
   957     0.3031     0.2327    12.4785   551.6000   511.9440   564.4000     1.6733
   958     0.3027     0.2258    12.6663   548.4000   510.7760   564.4000     1.6733
   959     0.3024     0.2250    12.7624   551.6000   511.1120   564.4000     1.6733
   960     0.3002     0.2264    12.7765   552.0000   511.1040   564.4000     1.6733
   961     0.3040     0.2176    12.0469   554.8000   516.3040   564.4000     1.6733
   962     0.3044     0.2192    12.2877   553.6000   512.7920   564.4000     1.6733
   963     0.3002     0.2123    12.2790   554.4000   514.5840   564.4000     1.6733
   964     0.3051     0.2169    12.4473   551.2000   509.4160   564.4000     1.6733
   965     0.3029     0.2294    11.8873   555.2000   515.7520   564.4000     1.6733
   966     0.3029     0.2223    12.0147   551.2000   511.3360   564.4000     1.6733
   967     0.2987     0.2080    12.0539   554.0000   512.0000   564.4000     1.6733
   968     0.3042     0.2132    11.7450   551.6000   512.1600   564.4000     1.6733
   969     0.3013     0.2159    12.0142   551.2000   512.4400   564.4000     1.6733
   970     0.3020     0.2195    11.9737   550.0000   512.3120   564.4000     1.6733
   971     0.3036     0.2213    12.0805   550.0000   513.0800   564.4000     1.6733
   972     0.3049     0.2242    12.5528   550.8000   511.1120   564.4000     1.6733
   973     0.3050     0.2202    12.3525   553.6000   514.2400   564.4000     1.6733
   974     0.3032     0.2058    12.4769   552.4000   513.2480   564.4000     1.6733
   975     0.3044     0.2209    12.2511   554.4000   514.7120   564.4000     1.6733
   976     0.3051     0.2232    11.8029   554.4000   517.1520   564.4000     1.6733
   977     0.3053     0.2211    12.3736   556.4000   516.6480   564.4000     1.6733
   978     0.2998     0.2126    12.1962   555.2000   518.7040   564.4000     1.6733
   979     0.3049     0.2277    12.4346   553.2000   513.4720   564.4000     1.6733
   980     0.3016     0.2348    12.6325   550.8000   512.6560   564.4000     1.6733
   981     0.3040     0.2112    12.0007   552.8000   520.3760   564.4000     1.6733
   982     0.3018     0.2303    12.6207   554.8000   518.7040   564.4000     1.6733
   983     0.3038     0.2188    12.3695   554.4000   516.7680   564.4000     1.6733
   984     0.3022     0.1998    12.2088   553.2000   516.5760   564.4000     1.6733
   985     0.3031     0.2267    12.4421   555.2000   513.4000   564.4000     1.6733
   986     0.3049     0.2245    12.6433   552.0000   515.6560   564.4000     1.6733
   987     0.3040     0.2205    12.4310   552.4000   515.6800   564.4000     1.6733
   988     0.3029     0.2165    12.4797   552.8000   514.6240   564.4000     1.6733
   989     0.3049     0.2183    12.4091   553.6000   514.6400   564.4000     1.6733
   990     0.3038     0.2249    12.7458   552.8000   512.8080   564.4000     1.6733
   991     0.3020     0.2303    12.7700   553.2000   510.5840   564.4000     1.6733
   992     0.3016     0.2160    12.5492   552.0000   512.8000   564.4000     1.6733
   993     0.3027     0.2244    12.5987   555.2000   516.4400   564.4000     1.6733
   994     0.3047     0.2208    12.9378   550.8000   511.3840   564.4000     1.6733
   995     0.3060     0.2272    13.2955   555.6000   512.3600   564.4000     1.6733
   996     0.3058     0.2263    13.3239   555.2000   513.6480   564.4000     1.6733
   997     0.3050     0.2147    12.8651   554.0000   518.4960   564.4000     1.6733
   998     0.3029     0.2223    13.0356   554.4000   518.6960   564.4000     1.6733
   999     0.3058     0.2146    12.5966   556.0000   519.8080   564.4000     1.6733
  1000     0.3067     0.2192    12.8681   556.4000   517.8160   564.4000     1.6733
