     1     0.2698     0.1642    15.0552   242.8000   147.7840   242.8000     2.8284
     2     0.2653     0.1546    14.4085   247.2000   178.2720   247.2000     2.8284
     3     0.2599     0.1441    13.8978   254.4000   181.5200   254.4000     2.8284
     4     0.2733     0.1526    13.2800   259.6000   187.4560   260.4000     2.8284
     5     0.2733     0.1597    12.6269   263.2000   193.1680   264.8000     2.8284
     6     0.2668     0.1525    12.7656   256.4000   198.0560   264.8000     2.8284
     7     0.2829     0.1536    12.2323   269.6000   196.8400   271.6000     2.8284
     8     0.2771     0.1496    11.7780   268.0000   201.0880   272.0000     2.8284
     9     0.2756     0.1505    11.6971   272.0000   207.5280   275.2000     2.8284
    10     0.2532     0.1391    11.8217   268.8000   203.1040   275.2000     2.8284
    11     0.2714     0.1461    12.1143   258.8000   198.8640   275.6000     2.8284
    12     0.2792     0.1590    11.5193   262.4000   206.3360   275.6000     2.8284
    13     0.2751     0.1494    11.1218   264.0000   206.1680   276.8000     2.8284
    14     0.2753     0.1523    11.3224   271.2000   209.4880   277.2000     2.8284
    15     0.2779     0.1579    11.1280   273.6000   215.3840   277.6000     2.8284
    16     0.2858     0.1547    11.1055   272.8000   216.2480   277.6000     2.8284
    17     0.2734     0.1513    10.7753   272.0000   220.4400   278.0000     2.8284
    18     0.2602     0.1473    10.8475   268.0000   211.8480   278.0000     2.8284
    19     0.2775     0.1510    10.1618   262.4000   213.5600   278.0000     2.8284
    20     0.2667     0.1446    10.1291   266.0000   218.0560   278.0000     2.8284
    21     0.2844     0.1439    10.0109   272.0000   217.5760   278.0000     2.8284
    22     0.2826     0.1515    10.2740   270.4000   214.6080   278.0000     2.8284
    23     0.2729     0.1642     9.8823   271.6000   219.7360   278.8000     2.8284
    24     0.2762     0.1644     9.5084   268.8000   218.3600   279.2000     2.8284
    25     0.2787     0.1536     9.4555   271.6000   217.6720   279.6000     2.8284
    26     0.2813     0.1495     9.3272   272.0000   225.0800   279.6000     2.8284
    27     0.2884     0.1583     9.5176   266.8000   219.6720   279.6000     2.8284
    28     0.2885     0.1588     9.6542   267.6000   221.0560   279.6000     2.8284
    29     0.2916     0.1595     9.6947   271.2000   222.8480   279.6000     2.8284
    30     0.2911     0.1572     9.3391   268.4000   219.5200   279.6000     2.8284
    31     0.2710     0.1535     9.3923   266.8000   216.6560   279.6000     2.8284
    32     0.2871     0.1553     9.7806   267.6000   215.1040   279.6000     2.8284
    33     0.2822     0.1520     9.7113   268.4000   213.4080   279.6000     2.8284
    34     0.2907     0.1668     9.8366   272.0000   216.4560   279.6000     2.8284
    35     0.2880     0.1797     9.6465   273.2000   218.7440   279.6000     2.8284
    36     0.2929     0.1680     9.6580   271.2000   221.5600   279.6000     2.8284
    37     0.2881     0.1682     9.5223   271.6000   223.7440   279.6000     2.8284
    38     0.2746     0.1542     9.5047   273.6000   226.9440   279.6000     2.8284
    39     0.2952     0.1606     9.7525   272.0000   223.3440   279.6000     2.8284
    40     0.2934     0.1602     9.6181   276.4000   225.6720   279.6000     2.8284
    41     0.2817     0.1581     9.3487   273.2000   227.3840   279.6000     2.8284
    42     0.2840     0.1544     9.7496   271.6000   224.0960   279.6000     2.8284
    43     0.2855     0.1713     9.5814   272.0000   225.0080   279.6000     2.8284
    44     0.2806     0.1768     9.6601   272.8000   225.8560   279.6000     2.8284
    45     0.2760     0.1490     9.3641   271.2000   226.3120   279.6000     2.8284
    46     0.2947     0.1616     9.3819   269.2000   224.5600   279.6000     2.8284
    47     0.2856     0.1659     9.4758   272.8000   227.4640   280.0000     2.8284
    48     0.2911     0.1604     9.6333   271.2000   220.8960   280.4000     2.8284
    49     0.2859     0.1617     9.3985   270.0000   228.1920   280.4000     2.8284
    50     0.2790     0.1566     9.5404   274.0000   225.4800   280.4000     2.8284
    51     0.2880     0.1590     9.5708   276.8000   221.9920   281.6000     2.8284
    52     0.2943     0.1740     9.5527   273.2000   223.6480   281.6000     2.8284
    53     0.2753     0.1632     9.1264   272.8000   229.1600   281.6000     2.8284
    54     0.2901     0.1669     9.1763   274.4000   226.8880   281.6000     2.8284
    55     0.2800     0.1474     9.0699   276.4000   232.2480   282.0000     2.8284
    56     0.2818     0.1600     9.1353   276.0000   231.3280   282.0000     2.8284
    57     0.2822     0.1715     9.2098   273.2000   228.5440   282.0000     2.8284
    58     0.2898     0.1511     9.2903   272.4000   227.7680   282.0000     2.8284
    59     0.2850     0.1451     8.6599   274.4000   229.8720   282.0000     2.8284
    60     0.2806     0.1633     9.0113   273.2000   227.2160   282.0000     2.8284
    61     0.2789     0.1562     8.6893   272.8000   226.8960   282.0000     2.8284
    62     0.2781     0.1699     8.8606   272.8000   225.8320   282.0000     2.8284
    63     0.2777     0.1556     8.8312   277.2000   229.9120   282.0000     2.8284
    64     0.2925     0.1526     9.0833   273.6000   228.4560   282.0000     2.8284
    65     0.2839     0.1690     9.1471   274.4000   228.1920   282.0000     2.8284
    66     0.2750     0.1609     9.0449   275.2000   228.4800   282.8000     2.8284
    67     0.2711     0.1568     9.3749   270.0000   222.2480   282.8000     2.8284
    68     0.2964     0.1657     9.1011   273.2000   226.9440   282.8000     2.8284
    69     0.2985     0.1634     9.3571   274.4000   228.4640   282.8000     2.8284
    70     0.2733     0.1608     9.2096   275.2000   228.4400   282.8000     2.8284
    71     0.2880     0.1664     9.2642   272.8000   228.6480   282.8000     2.8284
    72     0.2809     0.1589     8.8400   275.6000   229.0640   282.8000     2.8284
    73     0.2706     0.1548     8.9252   270.0000   225.0640   282.8000     2.8284
    74     0.2659     0.1573     9.2237   270.8000   223.4640   282.8000     2.8284
    75     0.2951     0.1623     9.4372   272.0000   218.6800   282.8000     2.8284
    76     0.2738     0.1556     9.4446   270.8000   221.3440   282.8000     2.8284
    77     0.2807     0.1568     9.4300   271.6000   223.0480   282.8000     2.8284
    78     0.2853     0.1635     9.3190   272.8000   220.0400   282.8000     2.8284
    79     0.2846     0.1749     9.2328   271.2000   226.7760   282.8000     2.8284
    80     0.2770     0.1571     9.2423   270.8000   223.9600   282.8000     2.8284
    81     0.2833     0.1631     9.1061   270.8000   223.3680   282.8000     2.8284
    82     0.2752     0.1627     9.1430   275.6000   226.4720   282.8000     2.8284
    83     0.2806     0.1668     9.0780   278.8000   225.2720   282.8000     2.8284
    84     0.2827     0.1725     9.1149   270.0000   227.1760   282.8000     2.8284
    85     0.2844     0.1638     8.8896   272.8000   231.2880   282.8000     2.8284
    86     0.2843     0.1526     8.9373   273.2000   229.0320   282.8000     2.8284
    87     0.2646     0.1336     8.5205   276.4000   228.1120   283.2000     2.8284
    88     0.2785     0.1588     9.1528   270.8000   223.3680   283.2000     2.8284
    89     0.2766     0.1498     8.7944   273.6000   223.2800   283.2000     2.8284
    90     0.2789     0.1690     8.7347   274.8000   223.9200   283.2000     2.8284
    91     0.2792     0.1546     8.7318   274.4000   221.5200   283.2000     2.8284
    92     0.2713     0.1505     8.4327   271.2000   221.1040   283.2000     2.8284
    93     0.2796     0.1393     8.5904   271.2000   224.4320   283.2000     2.8284
    94     0.2940     0.1561     8.7559   275.2000   219.4560   283.6000     2.8284
    95     0.2681     0.1486     8.5982   276.8000   224.7840   283.6000     2.8284
    96     0.2615     0.1511     8.5825   270.0000   218.4480   283.6000     2.8284
    97     0.2620     0.1522     8.6452   266.0000   215.2480   283.6000     2.8284
    98     0.2667     0.1362     8.4725   264.8000   218.4640   283.6000     2.8284
    99     0.2737     0.1582     8.9605   273.6000   220.1360   283.6000     2.8284
   100     0.2862     0.1667     9.1242   272.8000   222.6400   283.6000     2.8284
   101     0.2871     0.1481     9.0108   271.2000   221.9920   283.6000     2.8284
   102     0.2844     0.1535     8.9517   272.4000   218.9200   283.6000     2.8284
   103     0.2827     0.1619     9.1510   271.6000   221.0880   283.6000     2.8284
   104     0.2879     0.1561     9.3391   273.6000   227.7920   283.6000     2.8284
   105     0.2858     0.1610     9.0940   276.8000   228.0240   283.6000     2.8284
   106     0.2790     0.1597     9.1798   274.4000   228.2080   283.6000     2.8284
   107     0.2889     0.1576     8.9396   274.4000   224.6320   284.8000     2.8284
   108     0.2917     0.1620     8.7584   272.8000   230.1200   284.8000     2.8284
   109     0.2718     0.1553     9.0859   275.2000   224.6000   284.8000     2.8284
   110     0.2746     0.1400     8.8010   278.0000   226.1280   284.8000     2.8284
   111     0.2754     0.1512     8.8802   276.8000   225.1600   284.8000     2.8284
   112     0.2733     0.1443     8.7094   277.2000   224.2960   284.8000     2.8284
   113     0.2978     0.1589     8.9107   275.6000   220.6080   284.8000     2.8284
   114     0.2871     0.1675     9.0728   277.2000   224.3760   285.6000     2.8284
   115     0.2861     0.1659     8.6606   272.0000   225.7440   285.6000     2.8284
   116     0.2869     0.1624     8.7566   274.8000   228.6080   285.6000     2.8284
   117     0.2944     0.1687     8.9837   275.6000   227.6080   285.6000     2.8284
   118     0.2878     0.1598     8.8771   273.2000   231.9040   285.6000     2.8284
   119     0.2844     0.1521     8.6016   272.4000   229.2880   285.6000     2.8284
   120     0.2844     0.1480     8.9053   274.0000   225.9120   285.6000     2.8284
   121     0.2804     0.1553     8.7089   273.6000   231.0240   285.6000     2.8284
   122     0.2861     0.1551     8.9265   275.2000   227.9440   285.6000     2.8284
   123     0.2751     0.1370     8.8919   273.6000   221.6720   285.6000     2.8284
   124     0.2622     0.1586     9.0451   271.2000   219.2560   285.6000     2.8284
   125     0.2862     0.1461     8.5482   269.2000   218.2400   285.6000     2.8284
   126     0.2788     0.1534     8.7616   273.6000   221.9280   285.6000     2.8284
   127     0.2872     0.1591     8.8565   277.2000   221.6160   285.6000     2.8284
   128     0.2800     0.1523     8.7464   271.2000   223.9200   285.6000     2.8284
   129     0.2773     0.1523     9.0232   271.2000   224.1840   285.6000     2.8284
   130     0.2802     0.1559     8.9786   273.6000   222.6560   285.6000     2.8284
   131     0.2922     0.1534     8.4980   273.6000   229.0560   285.6000     2.8284
   132     0.2867     0.1519     8.6793   274.0000   224.7120   285.6000     2.8284
   133     0.2876     0.1383     8.3345   274.4000   229.3680   285.6000     2.8284
   134     0.2624     0.1503     8.4426   274.8000   229.0640   285.6000     2.8284
   135     0.2826     0.1381     9.0013   276.0000   222.5520   285.6000     2.8284
   136     0.2852     0.1494     8.9847   275.6000   227.1280   285.6000     2.8284
   137     0.2932     0.1571     9.3491   272.8000   224.0240   285.6000     2.8284
   138     0.2899     0.1550     9.3234   275.6000   226.5760   285.6000     2.8284
   139     0.2916     0.1569     9.1442   276.8000   226.3040   285.6000     2.8284
   140     0.2856     0.1617     9.3907   275.6000   223.5840   285.6000     2.8284
   141     0.2818     0.1601     9.2184   277.2000   224.2800   285.6000     2.8284
   142     0.2803     0.1558     9.1478   271.6000   226.5280   285.6000     2.8284
   143     0.2837     0.1621     9.2400   276.4000   222.6640   285.6000     2.8284
   144     0.2776     0.1584     9.5024   276.0000   220.4480   285.6000     2.8284
   145     0.2763     0.1549     9.4114   276.0000   220.6160   285.6000     2.8284
   146     0.2776     0.1662     9.6103   276.8000   223.6560   285.6000     2.8284
   147     0.2785     0.1611     9.3096   273.2000   225.9600   285.6000     2.8284
   148     0.2854     0.1585     9.3380   276.4000   219.4800   285.6000     2.8284
   149     0.2911     0.1651     9.4813   274.4000   222.4720   285.6000     2.8284
   150     0.2867     0.1603     9.1321   276.0000   221.4080   285.6000     2.8284
   151     0.2800     0.1587     9.3069   276.4000   223.4320   285.6000     2.8284
   152     0.2872     0.1489     9.5078   270.8000   219.9920   285.6000     2.8284
   153     0.2853     0.1775     9.3533   274.0000   221.5760   285.6000     2.8284
   154     0.2844     0.1624     9.1466   273.6000   224.6000   285.6000     2.8284
   155     0.2731     0.1476     9.2341   277.6000   223.7200   285.6000     2.8284
   156     0.2693     0.1514     9.1443   275.2000   220.6320   285.6000     2.8284
   157     0.2778     0.1633     9.0392   270.8000   221.6880   285.6000     2.8284
   158     0.2722     0.1578     9.0279   268.8000   222.2240   285.6000     2.8284
   159     0.2818     0.1638     8.9665   271.6000   224.3840   285.6000     2.8284
   160     0.2704     0.1522     9.2362   268.0000   218.6240   285.6000     2.8284
   161     0.2670     0.1568     9.2132   266.0000   218.5200   285.6000     2.8284
   162     0.2782     0.1545     9.2258   272.8000   219.7600   285.6000     2.8284
   163     0.2815     0.1468     9.1432   271.2000   215.3280   285.6000     2.8284
   164     0.2806     0.1596     9.0376   271.6000   212.1520   285.6000     2.8284
   165     0.2711     0.1470     8.9420   266.8000   215.2320   285.6000     2.8284
   166     0.2882     0.1572     9.0573   271.2000   218.1120   285.6000     2.8284
   167     0.2801     0.1422     8.8278   274.0000   218.8000   285.6000     2.8284
   168     0.2671     0.1540     9.1855   270.4000   212.3760   285.6000     2.8284
   169     0.2878     0.1541     9.0214   272.0000   218.1120   285.6000     2.8284
   170     0.2739     0.1430     8.4911   274.0000   225.5520   285.6000     2.8284
   171     0.2840     0.1583     8.7358   271.2000   223.5600   285.6000     2.8284
   172     0.2864     0.1623     8.7628   270.0000   225.9520   285.6000     2.8284
   173     0.2824     0.1660     9.2699   271.2000   219.1520   285.6000     2.8284
   174     0.2824     0.1621     9.0498   273.2000   226.0480   285.6000     2.8284
   175     0.2942     0.1725     8.8939   274.8000   227.7040   285.6000     2.8284
   176     0.2802     0.1543     8.6669   272.8000   228.5040   285.6000     2.8284
   177     0.2863     0.1553     8.9375   271.6000   225.2640   285.6000     2.8284
   178     0.2733     0.1508     9.0217   274.0000   226.1760   285.6000     2.8284
   179     0.2725     0.1541     9.2570   272.0000   221.9440   285.6000     2.8284
   180     0.2849     0.1578     9.1064   271.2000   217.8160   285.6000     2.8284
   181     0.2840     0.1446     8.9130   276.0000   219.6800   285.6000     2.8284
   182     0.2841     0.1598     8.9884   273.2000   218.9440   285.6000     2.8284
   183     0.2880     0.1548     9.2096   273.6000   224.2160   285.6000     2.8284
   184     0.2827     0.1658     9.3613   277.6000   224.5760   286.0000     2.8284
   185     0.2764     0.1690     9.5954   272.0000   220.8800   286.0000     2.8284
   186     0.2871     0.1521     8.9995   272.4000   226.7200   286.0000     2.8284
   187     0.2760     0.1467     8.9905   268.0000   222.6640   286.0000     2.8284
   188     0.2727     0.1584     9.3197   273.2000   218.6800   286.0000     2.8284
   189     0.2712     0.1534     9.3269   271.6000   217.4640   286.0000     2.8284
   190     0.2853     0.1525     9.1628   273.6000   221.3280   287.2000     2.8284
   191     0.2809     0.1459     9.0725   273.2000   219.7040   287.2000     2.8284
   192     0.2733     0.1491     9.4552   271.2000   215.2880   287.2000     2.8284
   193     0.2868     0.1589     9.6834   269.2000   215.8640   287.2000     2.8284
   194     0.2857     0.1612     9.3482   270.8000   216.2880   287.2000     2.8284
   195     0.2889     0.1576     9.6632   273.2000   217.5760   287.2000     2.8284
   196     0.2849     0.1574     9.5603   274.0000   222.0720   287.2000     2.8284
   197     0.2804     0.1500     9.4217   272.0000   222.4160   287.2000     2.8284
   198     0.2834     0.1588     9.4255   274.0000   221.4800   287.2000     2.8284
   199     0.2671     0.1570     9.5995   272.0000   217.2240   287.2000     2.8284
   200     0.2684     0.1516     9.6204   264.4000   218.2000   287.2000     2.8284
   201     0.2843     0.1601     9.7156   268.0000   212.2720   287.2000     2.8284
   202     0.2876     0.1566     9.7887   272.4000   213.1040   287.2000     2.8284
   203     0.2838     0.1664     9.6976   274.8000   217.6320   287.2000     2.8284
   204     0.2808     0.1672     9.7700   272.4000   217.0160   287.2000     2.8284
   205     0.2916     0.1668     9.5848   274.0000   218.4240   287.2000     2.8284
   206     0.2809     0.1473     9.4826   272.0000   217.2560   287.2000     2.8284
   207     0.2898     0.1557     9.5056   274.4000   214.1760   287.2000     2.8284
   208     0.2862     0.1489     9.5234   271.6000   219.9120   287.2000     2.8284
   209     0.2721     0.1659     9.1022   272.8000   217.0960   287.2000     2.8284
   210     0.2721     0.1495     9.0676   262.4000   213.3360   287.2000     2.8284
   211     0.2692     0.1458     9.1027   266.0000   211.8080   287.2000     2.8284
   212     0.2649     0.1405     8.8776   264.8000   217.7520   287.2000     2.8284
   213     0.2804     0.1549     8.9936   264.0000   214.5120   287.2000     2.8284
   214     0.2734     0.1593     8.7770   271.2000   215.4640   287.2000     2.8284
   215     0.2853     0.1431     8.6645   272.8000   219.1360   287.2000     2.8284
   216     0.2665     0.1364     8.6764   264.0000   217.8800   287.2000     2.8284
   217     0.2759     0.1613     8.9474   266.0000   219.4800   287.2000     2.8284
   218     0.2859     0.1514     8.5314   274.0000   224.2480   287.2000     2.8284
   219     0.2835     0.1640     8.6784   278.4000   222.9840   287.2000     2.8284
   220     0.2671     0.1482     8.5969   274.4000   224.7680   287.2000     2.8284
   221     0.2908     0.1647     8.4451   276.8000   220.4960   287.2000     2.8284
   222     0.2778     0.1564     8.5215   279.2000   228.5280   287.2000     2.8284
   223     0.2871     0.1639     8.6266   279.6000   223.2000   287.2000     2.8284
   224     0.2759     0.1581     8.8475   276.4000   221.9920   287.2000     2.8284
   225     0.2942     0.1560     8.8407   276.4000   222.7600   287.2000     2.8284
   226     0.2933     0.1657     8.9409   276.0000   225.0160   288.0000     2.8284
   227     0.2870     0.1700     8.9938   274.4000   227.4960   288.0000     2.8284
   228     0.2852     0.1683     8.7466   273.2000   227.8800   288.0000     2.8284
   229     0.2951     0.1615     9.1429   273.6000   228.7680   288.0000     2.8284
   230     0.2808     0.1672     9.3074   275.6000   226.9120   288.0000     2.8284
   231     0.2913     0.1590     9.1037   272.0000   226.1760   288.0000     2.8284
   232     0.2867     0.1562     9.4317   275.6000   230.3920   288.0000     2.8284
   233     0.2935     0.1625     9.4380   273.6000   224.2880   288.0000     2.8284
   234     0.2880     0.1648     9.2767   274.8000   225.3120   288.0000     2.8284
   235     0.2762     0.1506     9.2137   270.8000   220.9440   288.0000     2.8284
   236     0.2836     0.1535     9.0686   271.6000   219.5600   288.0000     2.8284
   237     0.2823     0.1488     8.9669   274.4000   222.9760   288.0000     2.8284
   238     0.2826     0.1541     9.2514   278.0000   221.3200   288.0000     2.8284
   239     0.2728     0.1504     9.0459   270.0000   219.1040   288.0000     2.8284
   240     0.2770     0.1489     9.2934   267.2000   219.2960   288.0000     2.8284
   241     0.2811     0.1574     9.0922   276.0000   220.4160   288.0000     2.8284
   242     0.2951     0.1567     9.2296   270.4000   220.6160   288.0000     2.8284
   243     0.2884     0.1614     9.3118   272.8000   224.2160   288.0000     2.8284
   244     0.2791     0.1492     9.4054   276.4000   226.1120   288.0000     2.8284
   245     0.2778     0.1491     9.2627   272.4000   227.4240   288.0000     2.8284
   246     0.2871     0.1687     9.7548   272.4000   218.4480   288.0000     2.8284
   247     0.2782     0.1703     9.3329   269.2000   226.0160   288.0000     2.8284
   248     0.2875     0.1686     9.5136   273.6000   227.3040   288.0000     2.8284
   249     0.2879     0.1658     9.0242   274.0000   223.9600   288.0000     2.8284
   250     0.2756     0.1624     9.1373   272.8000   224.3040   288.0000     2.8284
   251     0.2820     0.1574     8.9448   274.0000   226.0240   288.0000     2.8284
   252     0.2723     0.1571     9.0276   272.0000   225.4880   288.0000     2.8284
   253     0.2858     0.1655     8.9254   274.0000   225.4080   288.0000     2.8284
   254     0.2880     0.1604     9.0998   269.6000   223.5200   288.0000     2.8284
   255     0.2863     0.1566     8.5383   271.6000   224.0080   288.0000     2.8284
   256     0.2867     0.1634     8.7037   274.0000   220.2240   288.0000     2.8284
   257     0.2852     0.1619     8.7061   273.6000   223.6720   288.0000     2.8284
   258     0.2796     0.1535     8.6235   273.6000   227.4320   288.0000     2.8284
   259     0.2859     0.1546     8.8073   274.0000   227.8160   288.0000     2.8284
   260     0.2913     0.1639     8.9112   274.4000   225.4480   288.0000     2.8284
   261     0.2869     0.1546     8.9463   275.2000   225.3280   288.0000     2.8284
   262     0.2935     0.1656     9.3074   270.4000   218.8000   288.0000     2.8284
   263     0.2712     0.1472     9.0741   275.2000   219.6720   288.0000     2.8284
   264     0.2691     0.1566     9.1700   277.2000   222.1120   288.0000     2.8284
   265     0.2886     0.1588     9.1347   276.4000   219.7920   288.0000     2.8284
   266     0.2724     0.1448     8.7082   278.4000   224.5920   288.0000     2.8284
   267     0.2789     0.1536     8.7976   273.2000   227.9120   288.0000     2.8284
   268     0.2879     0.1474     8.6929   275.2000   227.6480   288.0000     2.8284
   269     0.2710     0.1541     9.1033   274.4000   223.6160   288.0000     2.8284
   270     0.2754     0.1410     8.9180   269.2000   219.1280   288.0000     2.8284
   271     0.2733     0.1467     9.0276   273.6000   216.2240   288.0000     2.8284
   272     0.2791     0.1587     9.4137   272.4000   215.1600   288.0000     2.8284
   273     0.2765     0.1587     9.1755   272.8000   219.6160   288.0000     2.8284
   274     0.2873     0.1537     8.9357   274.4000   225.0160   288.0000     2.8284
   275     0.2794     0.1575     9.3032   269.6000   217.8880   288.0000     2.8284
   276     0.2805     0.1453     9.2963   275.2000   216.8320   288.0000     2.8284
   277     0.2878     0.1504     9.2767   272.4000   213.3280   288.0000     2.8284
   278     0.2758     0.1525     9.4887   272.8000   216.5600   288.0000     2.8284
   279     0.2664     0.1522     9.4728   266.8000   216.2640   288.0000     2.8284
   280     0.2809     0.1544     9.2715   265.6000   215.7440   288.0000     2.8284
   281     0.2693     0.1603     9.2377   270.4000   220.1520   288.0000     2.8284
   282     0.2813     0.1528     9.1445   270.4000   217.2160   288.0000     2.8284
   283     0.2893     0.1605     9.5203   269.2000   219.7280   288.0000     2.8284
   284     0.2690     0.1624     9.3167   270.4000   222.6800   288.0000     2.8284
   285     0.2769     0.1460     9.4346   265.2000   222.2640   288.0000     2.8284
   286     0.2789     0.1409     9.5241   270.0000   221.1920   288.0000     2.8284
   287     0.2778     0.1671     9.6604   272.4000   215.6800   288.0000     2.8284
   288     0.2806     0.1567     9.1215   274.4000   222.6160   288.0000     2.8284
   289     0.2824     0.1499     9.3043   275.2000   225.5440   288.0000     2.8284
   290     0.2865     0.1652     8.8681   274.8000   227.0960   288.0000     2.8284
   291     0.2974     0.1641     9.0805   278.0000   227.1200   288.0000     2.8284
   292     0.2979     0.1697     8.7600   278.8000   228.6320   288.0000     2.8284
   293     0.2767     0.1538     8.2890   280.0000   233.4880   288.0000     2.8284
   294     0.2855     0.1579     8.4728   278.0000   230.6400   288.0000     2.8284
   295     0.2802     0.1519     8.3993   278.8000   228.3520   288.0000     2.8284
   296     0.2907     0.1775     8.5647   277.6000   227.9600   288.0000     2.8284
   297     0.2965     0.1660     8.4663   282.0000   229.6480   288.0000     2.8284
   298     0.2772     0.1535     8.2957   277.2000   231.1600   288.0000     2.8284
   299     0.2978     0.1631     8.2563   280.0000   231.5360   288.0000     2.8284
   300     0.2939     0.1577     8.4862   276.4000   228.5440   288.0000     2.8284
   301     0.2933     0.1645     8.8818   276.4000   226.2000   288.8000     2.8284
   302     0.2916     0.1640     9.0653   276.0000   223.8480   288.8000     2.8284
   303     0.2956     0.1650     8.8896   278.8000   229.5120   288.8000     2.8284
   304     0.2902     0.1570     9.0836   278.0000   229.0800   288.8000     2.8284
   305     0.2947     0.1649     9.2062   277.6000   225.6800   288.8000     2.8284
   306     0.3053     0.1735     9.3600   278.8000   223.9200   288.8000     2.8284
   307     0.2984     0.1662     8.9290   279.2000   226.1920   288.8000     2.8284
   308     0.2952     0.1604     9.1976   278.4000   224.1520   288.8000     2.8284
   309     0.2916     0.1648     9.2078   279.6000   219.6000   288.8000     2.8284
   310     0.2933     0.1537     9.0475   281.6000   224.3360   288.8000     2.8284
   311     0.2836     0.1601     8.7940   279.2000   223.4000   288.8000     2.8284
   312     0.2825     0.1408     8.7629   278.4000   221.8960   288.8000     2.8284
   313     0.2931     0.1500     8.9404   276.8000   216.0000   288.8000     2.8284
   314     0.2947     0.1522     8.8286   281.2000   215.4800   288.8000     2.8284
   315     0.2705     0.1481     9.2940   276.8000   216.7840   288.8000     2.8284
   316     0.2836     0.1467     9.3097   271.6000   216.0480   288.8000     2.8284
   317     0.2638     0.1456     8.9316   278.8000   221.1520   288.8000     2.8284
   318     0.2908     0.1511     8.9087   273.2000   219.2160   288.8000     2.8284
   319     0.2942     0.1461     8.9303   274.4000   224.1440   288.8000     2.8284
   320     0.2940     0.1589     9.2073   276.4000   225.2240   288.8000     2.8284
   321     0.2853     0.1598     9.2168   280.4000   229.7360   288.8000     2.8284
   322     0.2899     0.1591     9.1998   276.8000   225.9120   288.8000     2.8284
   323     0.2849     0.1528     9.1891   273.6000   225.9920   288.8000     2.8284
   324     0.2873     0.1575     9.3158   275.2000   222.4400   288.8000     2.8284
   325     0.2787     0.1617     9.4823   276.8000   222.7600   288.8000     2.8284
   326     0.2685     0.1513     9.4532   273.2000   223.7680   288.8000     2.8284
   327     0.2796     0.1499     9.3850   267.6000   219.0640   288.8000     2.8284
   328     0.2715     0.1595     9.2168   277.2000   219.3200   288.8000     2.8284
   329     0.2813     0.1461     8.7559   276.8000   224.0160   288.8000     2.8284
   330     0.2842     0.1582     9.2098   272.8000   224.2080   288.8000     2.8284
   331     0.2938     0.1623     9.1234   273.2000   221.6720   288.8000     2.8284
   332     0.2845     0.1647     8.9471   276.4000   226.6480   288.8000     2.8284
   333     0.2813     0.1655     9.1749   271.6000   223.8720   288.8000     2.8284
   334     0.2880     0.1544     9.3682   272.4000   222.8160   288.8000     2.8284
   335     0.2892     0.1520     8.8824   280.0000   226.0240   288.8000     2.8284
   336     0.2817     0.1621     9.2153   281.2000   224.8000   288.8000     2.8284
   337     0.2869     0.1594     8.7602   279.2000   224.3200   288.8000     2.8284
   338     0.2774     0.1671     8.8720   275.6000   222.6800   288.8000     2.8284
   339     0.2778     0.1486     8.8287   273.2000   224.1760   288.8000     2.8284
   340     0.2882     0.1548     8.8382   273.2000   224.7840   288.8000     2.8284
   341     0.2765     0.1513     9.2103   272.4000   225.1120   288.8000     2.8284
   342     0.2724     0.1524     9.2875   273.6000   221.3600   288.8000     2.8284
   343     0.2769     0.1528     8.9796   270.8000   219.3920   288.8000     2.8284
   344     0.2859     0.1598     8.8096   275.6000   214.6160   288.8000     2.8284
   345     0.2855     0.1503     8.8033   277.2000   221.1040   288.8000     2.8284
   346     0.2880     0.1504     9.1502   275.6000   216.1200   288.8000     2.8284
   347     0.2642     0.1501     9.2820   276.8000   214.9440   288.8000     2.8284
   348     0.2766     0.1446     9.1788   268.4000   220.0160   288.8000     2.8284
   349     0.2823     0.1609     9.2136   271.2000   219.0800   288.8000     2.8284
   350     0.2809     0.1624     9.2532   271.2000   219.8720   288.8000     2.8284
   351     0.2814     0.1466     9.1187   272.4000   218.9280   288.8000     2.8284
   352     0.2851     0.1504     9.0624   273.2000   224.1840   288.8000     2.8284
   353     0.2841     0.1528     9.0279   274.0000   224.7840   288.8000     2.8284
   354     0.2779     0.1581     9.2340   272.0000   221.9200   288.8000     2.8284
   355     0.2799     0.1640     8.8604   278.8000   226.6880   288.8000     2.8284
   356     0.2861     0.1605     8.5838   277.2000   226.8480   288.8000     2.8284
   357     0.2900     0.1631     8.8784   274.8000   223.8400   288.8000     2.8284
   358     0.2724     0.1506     8.9907   276.4000   228.7360   288.8000     2.8284
   359     0.2757     0.1538     8.9820   276.8000   224.3600   288.8000     2.8284
   360     0.2920     0.1569     8.8720   276.4000   226.0080   288.8000     2.8284
   361     0.2893     0.1628     8.8038   274.4000   224.6960   288.8000     2.8284
   362     0.2822     0.1590     8.7553   276.8000   225.0400   288.8000     2.8284
   363     0.2772     0.1451     8.7171   280.4000   225.9840   288.8000     2.8284
   364     0.2558     0.1354     8.6882   276.0000   222.0720   288.8000     2.8284
   365     0.2831     0.1552     9.1773   274.4000   217.4480   288.8000     2.8284
   366     0.2618     0.1504     8.9827   272.4000   215.6560   288.8000     2.8284
   367     0.2729     0.1405     9.1891   269.6000   218.2000   288.8000     2.8284
   368     0.2606     0.1493     9.0833   272.8000   217.2080   288.8000     2.8284
   369     0.2681     0.1473     9.1311   268.4000   216.6560   288.8000     2.8284
   370     0.2734     0.1580     9.4291   270.8000   216.0240   288.8000     2.8284
   371     0.2818     0.1525     9.3801   271.2000   220.5840   288.8000     2.8284
   372     0.2791     0.1556     9.4165   273.6000   218.5600   288.8000     2.8284
   373     0.2716     0.1543     9.5500   269.6000   215.0400   288.8000     2.8284
   374     0.2860     0.1561     9.7113   271.2000   217.4400   288.8000     2.8284
   375     0.2791     0.1474     9.2859   272.0000   217.5680   288.8000     2.8284
   376     0.2752     0.1537     9.8560   274.0000   218.5280   288.8000     2.8284
   377     0.2901     0.1508     9.8080   274.0000   215.4080   288.8000     2.8284
   378     0.2814     0.1607     9.6578   274.0000   218.1440   288.8000     2.8284
   379     0.2880     0.1519     9.3239   275.6000   216.6000   289.6000     2.8284
   380     0.2900     0.1521     9.5509   269.2000   213.3840   289.6000     2.8284
   381     0.2876     0.1638     9.4278   272.0000   220.0720   289.6000     2.8284
   382     0.2821     0.1476     9.1889   274.0000   221.4720   289.6000     2.8284
   383     0.2749     0.1495     9.3969   272.4000   218.2080   289.6000     2.8284
   384     0.2791     0.1498     9.4108   275.2000   223.1760   289.6000     2.8284
   385     0.2978     0.1647     9.4364   274.4000   222.3680   289.6000     2.8284
   386     0.2959     0.1585     9.2774   272.0000   223.6640   289.6000     2.8284
   387     0.2837     0.1527     9.1295   278.8000   224.1600   289.6000     2.8284
   388     0.2867     0.1467     9.2847   275.2000   225.0960   289.6000     2.8284
   389     0.2891     0.1562     9.3213   276.4000   224.0880   289.6000     2.8284
   390     0.2831     0.1479     9.5675   270.4000   221.9120   289.6000     2.8284
   391     0.2776     0.1601     9.6888   272.4000   219.5520   289.6000     2.8284
   392     0.2876     0.1501     9.4611   270.4000   217.7840   289.6000     2.8284
   393     0.2840     0.1552     9.3166   271.6000   215.6160   289.6000     2.8284
   394     0.2673     0.1706     9.5332   270.8000   217.4800   289.6000     2.8284
   395     0.2880     0.1634     9.0165   270.4000   221.0720   289.6000     2.8284
   396     0.2850     0.1557     8.9811   273.6000   224.1680   289.6000     2.8284
   397     0.2877     0.1649     9.1174   269.2000   222.2560   289.6000     2.8284
   398     0.2823     0.1773     9.1900   275.6000   219.3840   289.6000     2.8284
   399     0.2827     0.1645     9.1726   272.0000   223.1680   289.6000     2.8284
   400     0.2804     0.1555     9.3696   274.0000   218.0560   289.6000     2.8284
   401     0.2835     0.1502     9.5440   264.4000   218.2320   289.6000     2.8284
   402     0.2702     0.1562     9.0638   273.6000   221.5840   289.6000     2.8284
   403     0.2709     0.1571     9.3308   268.4000   215.8480   289.6000     2.8284
   404     0.2853     0.1511     9.0661   266.4000   217.4560   289.6000     2.8284
   405     0.2893     0.1613     9.3891   274.0000   216.7200   289.6000     2.8284
   406     0.2760     0.1473     9.2090   275.6000   218.0720   289.6000     2.8284
   407     0.2915     0.1615     9.3414   277.6000   219.2160   289.6000     2.8284
   408     0.2822     0.1577     9.3564   269.6000   218.2560   289.6000     2.8284
   409     0.2831     0.1516     9.2730   272.8000   220.3440   289.6000     2.8284
   410     0.2877     0.1623     9.1675   274.0000   220.4080   289.6000     2.8284
   411     0.2764     0.1576     9.0282   276.0000   223.3120   289.6000     2.8284
   412     0.2907     0.1590     9.0653   271.6000   220.0880   289.6000     2.8284
   413     0.2822     0.1574     8.9349   270.4000   224.5760   289.6000     2.8284
   414     0.2769     0.1555     9.1484   272.4000   220.3360   289.6000     2.8284
   415     0.2664     0.1550     9.1798   275.6000   218.7840   289.6000     2.8284
   416     0.2849     0.1453     8.7295   279.6000   215.2960   289.6000     2.8284
   417     0.2812     0.1506     8.7522   270.8000   218.1040   289.6000     2.8284
   418     0.2773     0.1553     8.7656   270.4000   219.3200   289.6000     2.8284
   419     0.2831     0.1608     9.1381   267.6000   219.8320   289.6000     2.8284
   420     0.2751     0.1457     9.0201   274.4000   221.3920   289.6000     2.8284
   421     0.2722     0.1577     9.0852   272.4000   223.1920   289.6000     2.8284
   422     0.2896     0.1582     9.1433   272.0000   217.5440   289.6000     2.8284
   423     0.2511     0.1388     9.2589   278.0000   219.8160   289.6000     2.8284
   424     0.2793     0.1394     9.2808   270.8000   215.6880   289.6000     2.8284
   425     0.2815     0.1473     9.1339   274.8000   213.6240   289.6000     2.8284
   426     0.2813     0.1558     9.0761   273.6000   214.1360   289.6000     2.8284
   427     0.2745     0.1522     9.0235   270.0000   214.1360   289.6000     2.8284
   428     0.2594     0.1450     9.2364   271.6000   219.0480   289.6000     2.8284
   429     0.2764     0.1660     9.6297   270.4000   212.7520   289.6000     2.8284
   430     0.2921     0.1595     9.5350   270.4000   217.8880   289.6000     2.8284
   431     0.2831     0.1603     9.4111   276.0000   222.0720   289.6000     2.8284
   432     0.2811     0.1631     9.3172   275.2000   217.0560   289.6000     2.8284
   433     0.2924     0.1598     9.2596   270.4000   221.2080   289.6000     2.8284
   434     0.2871     0.1623     9.3262   274.0000   224.1840   289.6000     2.8284
   435     0.2920     0.1551     9.3559   271.2000   220.7600   289.6000     2.8284
   436     0.2922     0.1536     9.0344   278.4000   222.5600   289.6000     2.8284
   437     0.2889     0.1673     9.0661   270.8000   220.1760   289.6000     2.8284
   438     0.2700     0.1581     9.2762   274.0000   223.1280   289.6000     2.8284
   439     0.2803     0.1640     9.3476   270.4000   219.7120   289.6000     2.8284
   440     0.2733     0.1554     9.1549   273.6000   216.1280   289.6000     2.8284
   441     0.2733     0.1639     9.1176   267.6000   217.8320   289.6000     2.8284
   442     0.2696     0.1504     9.3589   273.6000   218.0560   289.6000     2.8284
   443     0.2863     0.1573     9.2101   274.8000   220.6720   289.6000     2.8284
   444     0.2902     0.1545     9.2962   277.2000   221.2880   289.6000     2.8284
   445     0.2886     0.1683     9.0878   275.6000   227.4000   289.6000     2.8284
   446     0.2860     0.1512     8.8008   275.2000   229.9280   289.6000     2.8284
   447     0.2796     0.1560     8.9682   274.0000   224.2240   289.6000     2.8284
   448     0.2881     0.1522     8.9616   273.2000   224.3520   289.6000     2.8284
   449     0.2823     0.1493     8.9592   268.8000   226.7280   289.6000     2.8284
   450     0.2764     0.1640     9.2152   269.2000   221.3520   289.6000     2.8284
   451     0.2728     0.1639     9.1340   278.8000   226.9600   289.6000     2.8284
   452     0.2653     0.1578     9.0202   273.2000   222.7280   289.6000     2.8284
   453     0.2960     0.1652     9.1879   276.4000   219.2000   289.6000     2.8284
   454     0.2950     0.1604     8.8921   274.8000   221.7760   289.6000     2.8284
   455     0.2832     0.1516     8.9064   274.4000   219.4720   289.6000     2.8284
   456     0.2862     0.1618     9.2957   274.8000   219.3280   289.6000     2.8284
   457     0.2916     0.1557     9.2051   269.2000   217.4800   289.6000     2.8284
   458     0.2787     0.1679     9.5463   272.8000   217.0320   289.6000     2.8284
   459     0.2751     0.1566     9.0808   272.0000   222.8960   289.6000     2.8284
   460     0.2729     0.1482     9.2415   271.2000   222.3200   289.6000     2.8284
   461     0.2788     0.1596     9.2526   275.6000   224.4000   289.6000     2.8284
   462     0.2924     0.1539     9.5033   277.2000   222.9280   289.6000     2.8284
   463     0.2632     0.1490     9.3241   275.2000   221.4240   289.6000     2.8284
   464     0.2846     0.1615     9.3816   273.2000   217.1520   289.6000     2.8284
   465     0.2736     0.1651     9.0513   276.0000   223.2080   289.6000     2.8284
   466     0.2849     0.1399     8.6550   268.8000   223.6320   289.6000     2.8284
   467     0.2801     0.1473     8.5998   269.6000   221.6160   289.6000     2.8284
   468     0.2656     0.1480     8.9167   277.2000   221.0640   289.6000     2.8284
   469     0.2671     0.1409     8.6390   273.6000   218.0000   289.6000     2.8284
   470     0.2786     0.1493     8.8016   277.2000   219.2160   289.6000     2.8284
   471     0.2812     0.1571     8.7824   276.8000   222.2720   289.6000     2.8284
   472     0.2769     0.1543     8.8864   273.2000   216.1040   289.6000     2.8284
   473     0.2780     0.1522     8.8531   275.2000   220.3600   289.6000     2.8284
   474     0.2667     0.1507     8.7353   274.0000   224.5440   289.6000     2.8284
   475     0.2838     0.1522     8.3624   270.4000   221.2480   289.6000     2.8284
   476     0.2831     0.1562     8.6761   277.2000   227.1920   289.6000     2.8284
   477     0.2787     0.1536     8.8227   276.8000   226.2000   289.6000     2.8284
   478     0.2796     0.1547     8.8849   270.0000   219.6800   289.6000     2.8284
   479     0.2877     0.1537     8.8536   269.2000   217.3920   289.6000     2.8284
   480     0.2813     0.1679     9.2369   274.0000   218.2080   289.6000     2.8284
   481     0.2720     0.1467     9.1440   270.8000   222.0400   289.6000     2.8284
   482     0.2707     0.1485     8.9247   272.0000   224.4480   289.6000     2.8284
   483     0.2822     0.1541     9.2493   268.4000   224.0960   289.6000     2.8284
   484     0.2816     0.1598     9.0296   270.4000   223.0720   289.6000     2.8284
   485     0.2866     0.1527     8.8101   274.4000   225.4720   289.6000     2.8284
   486     0.2800     0.1545     8.7998   276.0000   227.0800   289.6000     2.8284
   487     0.2871     0.1542     9.1313   272.8000   224.7440   289.6000     2.8284
   488     0.2874     0.1666     9.3264   273.6000   221.4880   289.6000     2.8284
   489     0.2899     0.1651     9.3938   277.2000   221.7520   289.6000     2.8284
   490     0.2772     0.1576     9.1303   278.0000   227.1760   289.6000     2.8284
   491     0.2939     0.1720     9.2717   276.4000   225.5280   289.6000     2.8284
   492     0.2632     0.1490     9.0681   277.6000   229.5680   289.6000     2.8284
   493     0.2857     0.1567     9.1642   277.6000   226.4880   289.6000     2.8284
   494     0.2916     0.1641     9.2387   278.0000   227.9280   289.6000     2.8284
   495     0.2920     0.1674     9.1860   277.6000   228.3680   289.6000     2.8284
   496     0.2817     0.1643     9.1853   276.8000   233.2160   289.6000     2.8284
   497     0.2830     0.1575     9.0320   276.8000   230.4080   289.6000     2.8284
   498     0.2835     0.1478     8.9017   279.2000   232.0400   289.6000     2.8284
   499     0.2862     0.1618     8.9786   273.6000   225.6640   289.6000     2.8284
   500     0.2888     0.1496     8.9829   275.6000   224.4000   289.6000     2.8284
   501     0.2821     0.1598     9.0361   278.4000   228.3040   289.6000     2.8284
   502     0.2918     0.1744     9.0810   280.4000   224.7600   289.6000     2.8284
   503     0.2734     0.1610     8.9858   277.2000   223.7120   289.6000     2.8284
   504     0.2764     0.1664     9.3029   278.0000   224.0640   289.6000     2.8284
   505     0.2855     0.1625     9.3948   272.4000   223.0800   289.6000     2.8284
   506     0.2931     0.1597     9.1404   277.6000   226.0720   289.6000     2.8284
   507     0.2831     0.1489     9.2620   274.8000   225.9680   289.6000     2.8284
   508     0.2809     0.1621     9.2960   271.2000   224.7360   289.6000     2.8284
   509     0.2893     0.1601     9.0955   277.6000   227.6640   289.6000     2.8284
   510     0.2810     0.1775     9.3306   279.2000   225.2480   289.6000     2.8284
   511     0.2852     0.1567     8.9770   278.4000   226.3520   289.6000     2.8284
   512     0.2836     0.1650     8.8501   275.6000   226.0720   289.6000     2.8284
   513     0.2942     0.1574     9.2020   274.0000   228.7680   289.6000     2.8284
   514     0.2886     0.1712     8.9540   274.8000   229.2560   289.6000     2.8284
   515     0.2916     0.1590     8.8593   276.4000   228.1680   289.6000     2.8284
   516     0.2911     0.1545     8.7734   273.6000   227.0640   289.6000     2.8284
   517     0.2848     0.1580     8.8699   272.8000   230.4160   289.6000     2.8284
   518     0.2832     0.1568     8.9886   275.2000   223.1280   289.6000     2.8284
   519     0.2842     0.1590     9.0493   272.0000   218.4560   289.6000     2.8284
   520     0.2827     0.1579     9.1285   272.0000   217.8240   289.6000     2.8284
   521     0.2901     0.1637     8.8016   272.4000   223.9520   289.6000     2.8284
   522     0.2848     0.1590     8.8359   272.0000   225.4880   289.6000     2.8284
   523     0.2907     0.1577     8.6815   274.4000   224.3840   289.6000     2.8284
   524     0.2802     0.1643     8.8965   268.8000   221.9600   289.6000     2.8284
   525     0.2951     0.1596     8.9891   274.4000   224.0800   289.6000     2.8284
   526     0.2775     0.1504     9.0898   270.4000   222.5040   289.6000     2.8284
   527     0.2818     0.1613     9.1580   272.8000   225.5120   289.6000     2.8284
   528     0.2850     0.1450     9.3040   268.8000   220.9840   289.6000     2.8284
   529     0.2870     0.1561     9.3051   271.2000   220.9120   289.6000     2.8284
   530     0.2900     0.1644     9.2046   273.6000   224.8800   289.6000     2.8284
   531     0.2837     0.1511     8.7856   276.4000   230.3040   289.6000     2.8284
   532     0.2877     0.1663     9.0875   278.8000   225.7520   289.6000     2.8284
   533     0.2754     0.1693     9.4193   272.8000   223.4320   289.6000     2.8284
   534     0.2825     0.1636     9.4098   276.0000   225.8320   289.6000     2.8284
   535     0.2771     0.1584     9.4733   273.2000   223.7760   289.6000     2.8284
   536     0.2831     0.1732     9.2584   276.4000   228.6080   289.6000     2.8284
   537     0.2931     0.1587     9.5729   272.4000   222.4640   289.6000     2.8284
   538     0.2786     0.1513     9.4967   274.8000   224.0560   289.6000     2.8284
   539     0.2809     0.1472     9.5626   271.2000   228.6640   289.6000     2.8284
   540     0.2787     0.1495     9.1352   273.6000   230.6960   289.6000     2.8284
   541     0.2884     0.1610     9.2927   275.6000   224.8960   289.6000     2.8284
   542     0.2956     0.1683     9.6629   275.6000   225.5920   289.6000     2.8284
   543     0.2892     0.1664     9.5177   275.2000   225.5360   289.6000     2.8284
   544     0.2810     0.1667     9.3388   274.0000   226.2400   289.6000     2.8284
   545     0.2677     0.1586     9.4643   271.6000   220.6480   289.6000     2.8284
   546     0.2730     0.1511     9.3319   273.2000   222.3360   289.6000     2.8284
   547     0.2836     0.1652     9.2258   272.0000   222.1280   289.6000     2.8284
   548     0.2907     0.1624     9.2509   272.8000   222.5600   289.6000     2.8284
   549     0.2816     0.1616     8.9886   272.4000   225.9760   289.6000     2.8284
   550     0.2713     0.1656     9.4555   272.4000   225.0000   289.6000     2.8284
   551     0.2809     0.1534     9.5394   272.0000   219.0960   289.6000     2.8284
   552     0.2862     0.1593     9.3509   272.8000   225.2000   289.6000     2.8284
   553     0.2809     0.1599     9.5664   272.8000   222.4000   289.6000     2.8284
   554     0.2778     0.1649     9.3478   272.8000   222.4240   289.6000     2.8284
   555     0.2881     0.1614     9.2046   271.6000   226.8480   289.6000     2.8284
   556     0.2849     0.1697     9.3451   271.6000   227.0160   289.6000     2.8284
   557     0.2782     0.1648     9.4039   270.8000   225.8320   289.6000     2.8284
   558     0.2760     0.1541     9.0710   265.6000   225.4080   289.6000     2.8284
   559     0.2867     0.1536     8.9494   267.6000   227.1600   289.6000     2.8284
   560     0.2929     0.1583     8.9917   276.4000   223.9360   289.6000     2.8284
   561     0.2849     0.1728     8.9280   275.6000   222.5440   289.6000     2.8284
   562     0.2885     0.1737     9.0220   277.6000   229.7440   289.6000     2.8284
   563     0.2847     0.1443     8.7127   271.2000   231.0000   289.6000     2.8284
   564     0.2777     0.1488     8.8647   275.6000   230.2400   289.6000     2.8284
   565     0.2884     0.1666     8.9401   272.8000   226.6240   289.6000     2.8284
   566     0.2728     0.1566     8.8740   274.4000   230.6480   289.6000     2.8284
   567     0.2845     0.1533     8.9833   270.8000   226.2160   289.6000     2.8284
   568     0.2810     0.1631     8.9531   274.0000   226.8000   289.6000     2.8284
   569     0.2853     0.1519     8.9451   273.6000   224.2960   289.6000     2.8284
   570     0.2869     0.1593     9.1691   271.2000   223.0160   289.6000     2.8284
   571     0.2893     0.1617     9.0387   277.2000   229.5680   289.6000     2.8284
   572     0.2875     0.1519     9.0389   275.2000   228.6000   289.6000     2.8284
   573     0.2943     0.1521     9.1151   275.2000   223.8400   289.6000     2.8284
   574     0.2830     0.1603     9.1029   272.0000   224.5200   289.6000     2.8284
   575     0.2848     0.1592     8.9886   272.4000   225.8640   289.6000     2.8284
   576     0.2912     0.1657     9.1327   272.0000   222.8320   289.6000     2.8284
   577     0.2898     0.1571     9.0180   274.8000   227.9280   289.6000     2.8284
   578     0.2852     0.1806     9.1246   272.8000   224.4320   289.6000     2.8284
   579     0.2905     0.1702     8.8857   274.0000   230.1040   289.6000     2.8284
   580     0.2838     0.1512     8.5048   274.8000   230.8000   289.6000     2.8284
   581     0.2868     0.1681     8.5146   276.4000   228.7840   289.6000     2.8284
   582     0.2893     0.1728     8.3272   274.4000   231.2480   289.6000     2.8284
   583     0.2907     0.1709     8.3084   277.2000   230.4400   289.6000     2.8284
   584     0.2831     0.1639     8.4211   279.2000   227.3520   289.6000     2.8284
   585     0.2827     0.1578     8.6428   272.4000   227.1120   289.6000     2.8284
   586     0.2973     0.1681     8.4384   274.0000   230.1200   289.6000     2.8284
   587     0.2946     0.1646     8.4811   276.4000   228.6320   289.6000     2.8284
   588     0.2831     0.1493     8.4127   274.4000   232.5920   289.6000     2.8284
   589     0.2747     0.1544     8.3701   271.6000   230.4560   289.6000     2.8284
   590     0.2753     0.1540     8.5925   274.4000   231.8000   289.6000     2.8284
   591     0.2934     0.1537     8.5158   270.0000   226.7760   289.6000     2.8284
   592     0.2825     0.1610     8.9456   270.4000   226.0960   289.6000     2.8284
   593     0.2859     0.1683     8.7732   271.6000   229.8400   289.6000     2.8284
   594     0.2841     0.1595     8.9172   271.2000   226.0640   289.6000     2.8284
   595     0.2741     0.1635     9.4176   267.6000   219.1280   289.6000     2.8284
   596     0.2853     0.1651     9.4890   265.2000   217.6960   289.6000     2.8284
   597     0.2721     0.1645     9.3845   268.0000   220.4480   289.6000     2.8284
   598     0.2806     0.1555     9.3507   271.2000   218.1840   289.6000     2.8284
   599     0.2782     0.1566     9.0823   270.8000   220.9520   289.6000     2.8284
   600     0.3013     0.1707     9.2459   271.2000   218.6000   289.6000     2.8284
   601     0.2713     0.1551     9.1696   274.0000   221.4880   289.6000     2.8284
   602     0.2902     0.1636     9.0980   274.8000   218.0400   289.6000     2.8284
   603     0.2813     0.1613     9.1734   272.4000   223.9280   289.6000     2.8284
   604     0.2824     0.1577     9.4052   265.6000   219.2240   289.6000     2.8284
   605     0.2752     0.1597     9.2586   269.6000   215.6240   289.6000     2.8284
   606     0.2712     0.1575     9.1367   268.0000   219.3920   289.6000     2.8284
   607     0.2692     0.1548     9.1995   266.4000   214.2800   289.6000     2.8284
   608     0.2782     0.1521     9.2811   270.0000   210.8560   289.6000     2.8284
   609     0.2862     0.1435     9.3584   263.6000   214.5920   289.6000     2.8284
   610     0.2722     0.1604     9.1458   264.8000   218.0480   289.6000     2.8284
   611     0.2766     0.1642     9.5657   262.8000   216.4160   289.6000     2.8284
   612     0.2830     0.1575     9.1425   268.8000   223.8560   289.6000     2.8284
   613     0.2902     0.1554     8.8157   270.4000   223.9200   289.6000     2.8284
   614     0.2801     0.1563     9.0008   268.8000   224.4320   289.6000     2.8284
   615     0.2871     0.1579     9.0890   272.0000   218.5760   289.6000     2.8284
   616     0.2807     0.1652     9.0606   277.6000   227.1040   289.6000     2.8284
   617     0.2724     0.1582     9.1468   274.4000   222.0960   289.6000     2.8284
   618     0.2962     0.1527     8.6758   274.4000   225.3360   289.6000     2.8284
   619     0.2944     0.1758     9.0849   276.0000   225.0960   289.6000     2.8284
   620     0.2806     0.1613     9.0385   276.8000   227.5280   289.6000     2.8284
   621     0.2676     0.1596     9.0789   269.6000   224.4640   289.6000     2.8284
   622     0.2864     0.1546     9.0229   268.0000   222.1840   289.6000     2.8284
   623     0.2913     0.1600     9.0377   269.6000   224.2560   289.6000     2.8284
   624     0.2898     0.1582     9.1143   274.4000   223.7040   289.6000     2.8284
   625     0.2903     0.1683     9.3042   274.4000   224.5440   289.6000     2.8284
   626     0.2747     0.1473     9.1233   273.2000   228.0960   289.6000     2.8284
   627     0.2705     0.1500     9.1007   272.0000   221.8400   289.6000     2.8284
   628     0.2644     0.1498     9.2970   272.4000   216.0320   289.6000     2.8284
   629     0.2875     0.1711     9.4407   272.8000   221.0560   289.6000     2.8284
   630     0.2733     0.1507     9.3634   272.8000   221.9120   289.6000     2.8284
   631     0.2791     0.1568     9.4919   270.0000   215.5040   289.6000     2.8284
   632     0.2735     0.1553     9.0818   267.2000   218.7680   289.6000     2.8284
   633     0.2783     0.1524     9.5662   266.0000   216.8400   289.6000     2.8284
   634     0.2715     0.1523     9.2629   262.4000   210.2000   289.6000     2.8284
   635     0.2841     0.1572     9.0700   269.6000   211.9520   289.6000     2.8284
   636     0.2729     0.1607     9.5176   274.0000   213.2880   289.6000     2.8284
   637     0.2711     0.1566     9.1940   266.0000   215.8000   289.6000     2.8284
   638     0.2788     0.1604     9.2833   266.8000   218.6560   289.6000     2.8284
   639     0.2790     0.1525     9.2967   270.4000   215.9680   289.6000     2.8284
   640     0.2770     0.1576     9.1972   272.8000   216.9520   289.6000     2.8284
   641     0.2853     0.1514     9.0369   274.0000   220.1040   289.6000     2.8284
   642     0.2726     0.1472     9.2924   271.6000   218.9440   289.6000     2.8284
   643     0.2792     0.1411     8.8828   266.4000   221.6880   289.6000     2.8284
   644     0.2855     0.1528     9.0472   270.0000   217.1520   289.6000     2.8284
   645     0.2751     0.1566     9.3291   270.4000   216.6960   289.6000     2.8284
   646     0.2782     0.1564     9.2629   268.8000   216.5840   289.6000     2.8284
   647     0.2868     0.1558     9.2565   273.6000   218.5920   289.6000     2.8284
   648     0.2781     0.1643     9.6073   270.4000   215.2720   289.6000     2.8284
   649     0.2734     0.1477     9.6888   270.0000   218.8800   289.6000     2.8284
   650     0.2794     0.1579     9.4735   273.6000   218.2960   289.6000     2.8284
   651     0.2882     0.1719     9.2325   272.4000   220.8560   289.6000     2.8284
   652     0.2790     0.1534     9.1198   273.2000   221.7840   289.6000     2.8284
   653     0.2764     0.1517     8.9997   266.8000   225.0000   289.6000     2.8284
   654     0.2760     0.1628     9.3533   268.8000   221.8480   289.6000     2.8284
   655     0.2792     0.1662     9.6709   264.4000   218.0160   289.6000     2.8284
   656     0.2729     0.1550     9.3577   271.6000   224.0800   289.6000     2.8284
   657     0.2803     0.1647     9.1567   271.2000   227.7520   289.6000     2.8284
   658     0.2893     0.1638     9.1811   269.6000   224.8320   289.6000     2.8284
   659     0.2835     0.1663     9.1515   272.8000   226.1200   289.6000     2.8284
   660     0.2837     0.1632     9.2313   271.2000   224.8000   289.6000     2.8284
   661     0.2855     0.1637     9.0660   271.2000   225.8160   289.6000     2.8284
   662     0.2710     0.1518     9.0188   273.6000   223.8720   289.6000     2.8284
   663     0.2912     0.1542     9.1360   273.6000   222.0800   289.6000     2.8284
   664     0.2794     0.1491     8.9649   269.6000   222.8320   289.6000     2.8284
   665     0.2800     0.1560     9.0529   271.6000   218.7760   289.6000     2.8284
   666     0.2728     0.1594     9.3843   272.4000   223.0640   289.6000     2.8284
   667     0.2729     0.1496     9.4531   271.6000   217.9840   289.6000     2.8284
   668     0.2862     0.1535     9.3084   274.0000   218.7200   290.0000     2.8284
   669     0.2699     0.1500     9.3102   268.8000   214.0240   290.0000     2.8284
   670     0.2773     0.1548     9.3527   272.4000   217.7680   290.0000     2.8284
   671     0.2742     0.1531     9.5652   267.6000   213.1120   290.0000     2.8284
   672     0.2809     0.1504     9.4175   258.0000   213.2160   290.0000     2.8284
   673     0.2796     0.1449     9.4171   274.4000   217.9360   290.0000     2.8284
   674     0.2881     0.1560     9.3927   271.2000   221.9520   290.0000     2.8284
   675     0.2818     0.1582     9.4762   270.4000   221.2480   290.0000     2.8284
   676     0.2929     0.1614     9.3437   269.6000   222.1120   290.0000     2.8284
   677     0.2804     0.1565     9.5938   272.8000   221.6000   290.0000     2.8284
   678     0.2937     0.1566     9.2371   272.8000   223.6080   290.0000     2.8284
   679     0.2830     0.1560     9.0593   272.0000   227.1360   290.0000     2.8284
   680     0.2888     0.1597     9.1976   275.6000   221.9760   290.0000     2.8284
   681     0.2854     0.1498     8.8965   274.8000   224.1200   290.0000     2.8284
   682     0.2796     0.1490     8.8887   277.2000   224.2640   290.0000     2.8284
   683     0.2911     0.1599     9.0518   272.8000   223.9200   290.0000     2.8284
   684     0.2760     0.1583     9.0286   274.8000   220.4160   290.0000     2.8284
   685     0.2775     0.1485     9.1096   272.4000   224.9440   290.0000     2.8284
   686     0.2806     0.1675     9.1416   274.0000   220.8320   290.0000     2.8284
   687     0.2949     0.1561     9.2885   275.2000   221.8400   290.0000     2.8284
   688     0.2734     0.1529     9.2116   274.4000   222.6800   290.0000     2.8284
   689     0.2693     0.1414     9.0748   268.4000   220.2960   290.0000     2.8284
   690     0.2886     0.1541     8.9032   271.2000   218.0960   290.0000     2.8284
   691     0.2895     0.1648     8.7530   272.8000   224.5920   290.0000     2.8284
   692     0.2859     0.1620     9.0968   269.2000   220.1120   290.0000     2.8284
   693     0.2742     0.1628     9.3037   272.0000   221.2560   290.0000     2.8284
   694     0.2916     0.1697     9.5554   271.2000   215.9600   290.0000     2.8284
   695     0.2816     0.1573     9.2978   270.4000   219.7360   290.0000     2.8284
   696     0.2827     0.1470     9.0384   270.8000   223.0720   290.0000     2.8284
   697     0.2845     0.1571     8.9806   271.6000   222.2080   290.0000     2.8284
   698     0.2752     0.1601     9.1837   271.2000   225.5200   290.0000     2.8284
   699     0.2753     0.1622     9.1719   263.2000   218.9280   290.0000     2.8284
   700     0.2692     0.1452     8.8687   271.2000   223.3200   290.0000     2.8284
   701     0.2804     0.1608     9.0588   275.6000   223.7200   290.0000     2.8284
   702     0.2828     0.1706     9.1802   277.2000   220.3920   290.0000     2.8284
   703     0.2806     0.1556     9.0371   272.4000   217.1040   290.0000     2.8284
   704     0.2803     0.1494     8.8513   271.6000   218.7520   290.0000     2.8284
   705     0.2726     0.1512     8.8766   270.4000   221.9440   290.0000     2.8284
   706     0.2667     0.1471     9.1184   268.0000   218.3360   290.0000     2.8284
   707     0.2734     0.1421     8.9473   267.6000   219.4880   290.0000     2.8284
   708     0.2702     0.1586     9.1265   268.8000   215.6320   290.0000     2.8284
   709     0.2702     0.1424     9.3816   265.2000   215.1040   290.0000     2.8284
   710     0.2836     0.1683     9.3115   275.2000   216.3120   290.0000     2.8284
   711     0.2728     0.1537     9.1987   268.8000   220.4000   290.0000     2.8284
   712     0.2691     0.1440     8.7362   270.0000   220.8880   290.0000     2.8284
   713     0.2828     0.1572     8.8661   271.6000   219.4320   290.0000     2.8284
   714     0.2778     0.1493     8.6057   274.8000   224.6400   290.0000     2.8284
   715     0.2865     0.1441     8.5845   274.8000   223.6800   290.0000     2.8284
   716     0.2693     0.1453     8.5618   274.0000   222.0240   290.0000     2.8284
   717     0.2684     0.1572     9.1656   266.4000   217.1120   290.0000     2.8284
   718     0.2744     0.1478     8.9231   267.2000   221.5680   290.0000     2.8284
   719     0.2760     0.1487     8.7789   273.6000   219.4640   290.0000     2.8284
   720     0.2887     0.1474     8.9437   272.8000   220.6720   290.0000     2.8284
   721     0.2831     0.1578     9.1628   273.6000   220.4480   290.0000     2.8284
   722     0.2828     0.1585     9.0433   271.6000   219.6480   290.0000     2.8284
   723     0.3031     0.1690     8.7920   275.2000   221.9120   290.0000     2.8284
   724     0.2737     0.1562     8.7698   278.4000   223.9440   290.0000     2.8284
   725     0.2682     0.1498     8.9125   276.4000   227.3200   290.0000     2.8284
   726     0.2813     0.1639     8.8622   270.8000   225.4800   290.0000     2.8284
   727     0.2813     0.1635     8.9151   276.8000   223.6240   290.0000     2.8284
   728     0.2675     0.1527     9.0772   272.8000   220.0320   290.0000     2.8284
   729     0.2876     0.1480     9.1406   275.6000   216.1440   290.0000     2.8284
   730     0.2926     0.1563     9.1267   276.8000   217.7840   290.0000     2.8284
   731     0.2748     0.1523     9.4433   271.6000   218.4000   290.0000     2.8284
   732     0.2809     0.1615     9.3727   265.6000   217.9520   290.0000     2.8284
   733     0.2748     0.1463     9.3096   269.6000   223.1920   290.0000     2.8284
   734     0.2775     0.1589     9.6036   269.2000   219.6960   290.0000     2.8284
   735     0.2755     0.1549     9.4918   270.0000   219.2880   290.0000     2.8284
   736     0.2820     0.1614     9.4842   270.8000   221.0000   290.0000     2.8284
   737     0.2860     0.1525     9.3652   273.2000   225.5840   290.0000     2.8284
   738     0.2831     0.1601     9.4118   277.6000   224.3920   290.0000     2.8284
   739     0.2930     0.1704     9.7272   275.2000   221.2240   290.0000     2.8284
   740     0.2896     0.1551     9.3961   275.2000   228.4400   290.0000     2.8284
   741     0.2771     0.1500     9.4230   271.6000   223.5360   290.0000     2.8284
   742     0.2849     0.1643     9.5523   272.8000   223.4880   290.0000     2.8284
   743     0.2849     0.1610     9.5861   273.2000   220.0400   290.0000     2.8284
   744     0.2800     0.1684     9.5218   273.2000   222.6000   290.0000     2.8284
   745     0.2907     0.1725     9.6328   271.6000   223.1120   290.0000     2.8284
   746     0.2900     0.1728     9.5840   270.4000   222.6880   290.0000     2.8284
   747     0.2841     0.1662     9.7195   272.0000   222.1920   290.0000     2.8284
   748     0.2978     0.1818     9.9300   272.0000   217.9440   290.0000     2.8284
   749     0.2868     0.1623     9.5287   272.4000   221.0480   290.0000     2.8284
   750     0.2849     0.1597     9.2787   272.0000   226.4800   290.0000     2.8284
   751     0.2924     0.1665     9.3066   273.2000   222.6160   290.0000     2.8284
   752     0.2802     0.1695     9.4785   270.0000   221.8880   290.0000     2.8284
   753     0.2845     0.1594     9.2862   271.6000   223.2160   290.0000     2.8284
   754     0.2911     0.1677     9.2601   273.2000   223.9680   290.0000     2.8284
   755     0.2866     0.1626     9.1270   278.0000   226.5840   290.0000     2.8284
   756     0.2916     0.1562     8.9011   269.6000   226.6000   290.0000     2.8284
   757     0.2889     0.1556     8.8882   269.6000   222.0960   290.0000     2.8284
   758     0.2852     0.1567     9.0842   271.6000   226.5200   290.0000     2.8284
   759     0.2834     0.1530     9.2003   273.2000   228.8640   290.0000     2.8284
   760     0.2854     0.1593     9.3162   274.0000   225.8240   290.0000     2.8284
   761     0.2679     0.1521     9.1259   271.6000   228.1920   290.0000     2.8284
   762     0.2813     0.1669     9.3316   268.8000   224.5760   290.0000     2.8284
   763     0.2884     0.1680     9.3357   271.2000   225.1440   290.0000     2.8284
   764     0.2951     0.1673     9.1176   272.4000   226.7600   290.0000     2.8284
   765     0.2819     0.1717     9.0864   279.2000   228.9120   290.0000     2.8284
   766     0.2841     0.1628     9.0896   279.6000   230.7840   290.0000     2.8284
   767     0.2892     0.1588     9.2658   275.2000   229.6400   290.0000     2.8284
   768     0.2834     0.1605     9.4900   274.0000   223.4080   290.0000     2.8284
   769     0.2866     0.1535     9.3367   274.8000   222.2640   290.0000     2.8284
   770     0.2844     0.1544     9.2790   278.8000   226.4000   290.0000     2.8284
   771     0.2819     0.1570     9.1029   271.2000   227.2240   290.0000     2.8284
   772     0.2830     0.1582     9.0436   272.8000   228.1440   290.0000     2.8284
   773     0.2896     0.1695     9.3904   271.6000   224.5280   290.0000     2.8284
   774     0.2804     0.1587     9.3894   274.0000   227.1520   290.0000     2.8284
   775     0.2827     0.1545     9.1693   274.4000   227.8720   290.0000     2.8284
   776     0.2987     0.1646     9.3193   278.4000   226.0560   290.0000     2.8284
   777     0.2742     0.1673     9.4743   274.8000   221.9680   290.0000     2.8284
   778     0.2778     0.1630     9.4767   266.4000   218.0880   290.0000     2.8284
   779     0.2817     0.1621     9.6660   272.0000   221.9040   290.0000     2.8284
   780     0.2836     0.1669     9.2243   271.2000   226.7600   290.0000     2.8284
   781     0.2836     0.1522     8.9848   275.6000   232.4640   290.0000     2.8284
   782     0.2787     0.1618     8.9107   270.0000   229.7280   290.0000     2.8284
   783     0.2764     0.1615     8.7016   272.0000   227.7200   290.0000     2.8284
   784     0.2818     0.1621     8.6124   264.8000   226.6160   290.0000     2.8284
   785     0.2804     0.1546     8.5440   268.4000   225.6640   290.0000     2.8284
   786     0.2737     0.1554     8.7731   268.0000   220.4720   290.0000     2.8284
   787     0.2616     0.1549     8.5788   267.2000   222.3120   290.0000     2.8284
   788     0.2770     0.1466     9.1187   262.8000   214.2720   290.0000     2.8284
   789     0.2684     0.1402     8.7371   266.0000   215.5760   290.0000     2.8284
   790     0.2764     0.1525     8.8660   265.2000   214.3520   290.0000     2.8284
   791     0.2912     0.1577     8.4407   272.8000   222.2800   290.0000     2.8284
   792     0.2804     0.1479     8.6343   274.8000   224.9520   290.0000     2.8284
   793     0.2831     0.1558     8.6989   268.8000   220.2160   290.0000     2.8284
   794     0.2769     0.1574     8.9267   267.2000   223.6640   290.0000     2.8284
   795     0.2779     0.1594     9.2447   268.0000   220.6400   290.0000     2.8284
   796     0.2809     0.1499     9.4069   264.0000   217.5440   290.0000     2.8284
   797     0.2898     0.1628     9.2777   267.2000   217.1040   290.0000     2.8284
   798     0.2756     0.1585     9.3656   271.2000   227.1200   290.0000     2.8284
   799     0.2809     0.1609     9.3763   267.6000   223.3760   290.0000     2.8284
   800     0.2707     0.1558     9.2586   272.4000   223.0000   290.0000     2.8284
   801     0.2744     0.1459     9.1038   268.0000   222.8080   290.0000     2.8284
   802     0.2690     0.1582     9.0854   273.2000   224.7520   290.0000     2.8284
   803     0.2850     0.1714     9.2449   266.8000   221.8320   290.0000     2.8284
   804     0.2896     0.1636     8.9794   272.8000   227.9920   290.0000     2.8284
   805     0.2876     0.1619     8.7882   275.2000   227.9200   290.0000     2.8284
   806     0.2978     0.1512     8.7654   271.6000   220.9600   290.0000     2.8284
   807     0.2801     0.1578     8.7907   274.4000   224.1680   290.0000     2.8284
   808     0.2887     0.1598     8.6162   272.0000   227.2480   290.0000     2.8284
   809     0.2775     0.1532     8.6046   272.0000   227.9280   290.0000     2.8284
   810     0.2821     0.1702     8.8235   270.0000   225.2960   290.0000     2.8284
   811     0.2828     0.1561     8.6232   271.6000   228.4400   290.0000     2.8284
   812     0.2819     0.1685     8.7576   270.0000   222.6240   290.0000     2.8284
   813     0.2732     0.1463     8.9718   268.8000   220.4640   290.0000     2.8284
   814     0.2721     0.1536     8.8575   269.6000   224.3040   290.0000     2.8284
   815     0.2698     0.1419     8.8931   269.2000   223.6160   290.0000     2.8284
   816     0.2667     0.1448     9.2424   264.4000   215.8080   290.0000     2.8284
   817     0.2696     0.1578     9.1321   269.2000   218.8640   290.0000     2.8284
   818     0.2742     0.1685     8.8049   264.4000   218.9920   290.0000     2.8284
   819     0.2700     0.1519     9.4619   266.0000   214.7200   290.0000     2.8284
   820     0.2661     0.1640     9.1980   270.4000   217.1200   290.0000     2.8284
   821     0.2889     0.1647     8.8673   272.4000   222.7200   290.0000     2.8284
   822     0.2808     0.1695     8.9293   270.4000   226.0000   290.0000     2.8284
   823     0.2823     0.1547     8.9342   260.8000   220.9440   290.0000     2.8284
   824     0.2864     0.1668     8.8109   267.2000   222.1360   290.0000     2.8284
   825     0.2764     0.1599     8.9339   268.4000   221.4880   290.0000     2.8284
   826     0.2747     0.1603     9.0926   268.4000   221.6480   290.0000     2.8284
   827     0.2731     0.1572     9.3757   268.4000   217.8400   290.0000     2.8284
   828     0.2822     0.1605     9.0771   268.0000   222.9200   290.0000     2.8284
   829     0.2778     0.1515     9.0838   269.2000   222.9600   290.0000     2.8284
   830     0.2880     0.1496     9.2442   268.0000   224.7760   290.0000     2.8284
   831     0.2760     0.1642     9.1456   264.8000   221.2240   290.0000     2.8284
   832     0.2731     0.1597     9.0826   266.4000   222.6640   290.0000     2.8284
   833     0.2850     0.1575     9.0392   266.8000   219.5280   290.0000     2.8284
   834     0.2929     0.1633     9.5306   267.6000   217.4960   290.0000     2.8284
   835     0.2815     0.1513     9.4325   270.0000   219.1840   290.0000     2.8284
   836     0.2772     0.1571     9.4416   274.0000   220.2880   290.0000     2.8284
   837     0.2790     0.1670     9.4229   272.4000   225.8960   290.0000     2.8284
   838     0.2671     0.1541     9.4660   274.0000   221.2720   290.0000     2.8284
   839     0.2698     0.1490     9.5353   266.4000   217.1520   290.0000     2.8284
   840     0.2822     0.1383     9.9329   268.8000   211.5120   290.0000     2.8284
   841     0.2761     0.1632     9.7447   267.6000   214.2240   290.0000     2.8284
   842     0.2877     0.1575     9.4885   269.2000   215.4160   290.0000     2.8284
   843     0.2760     0.1494     9.4844   269.2000   215.0400   290.0000     2.8284
   844     0.2879     0.1548     9.5607   272.4000   219.0640   290.0000     2.8284
   845     0.2730     0.1544     9.6421   274.0000   215.2480   290.0000     2.8284
   846     0.2778     0.1623     9.9074   268.0000   213.0320   290.0000     2.8284
   847     0.2793     0.1667     9.3460   271.2000   221.4400   290.0000     2.8284
   848     0.2850     0.1659     9.3389   270.4000   224.5360   290.0000     2.8284
   849     0.2831     0.1685     9.5450   269.6000   224.5840   290.0000     2.8284
   850     0.2754     0.1571     9.4878   265.6000   220.6160   290.0000     2.8284
   851     0.2821     0.1634     9.9367   269.2000   220.5760   290.0000     2.8284
   852     0.2836     0.1678     9.8607   269.2000   222.5200   290.0000     2.8284
   853     0.2964     0.1779     9.7412   269.2000   225.5440   290.0000     2.8284
   854     0.2896     0.1655     9.6500   274.4000   227.5200   290.0000     2.8284
   855     0.2951     0.1645     9.5313   272.4000   229.2880   290.0000     2.8284
   856     0.2951     0.1634     9.5322   271.6000   224.6160   290.0000     2.8284
   857     0.2902     0.1575     9.8462   273.2000   223.1040   290.0000     2.8284
   858     0.2944     0.1646    10.0852   275.2000   224.1440   290.0000     2.8284
   859     0.2867     0.1597     9.6970   274.0000   228.0160   290.0000     2.8284
   860     0.2858     0.1534     9.5962   273.6000   223.2080   290.0000     2.8284
   861     0.2831     0.1491     9.5652   274.4000   222.1520   290.0000     2.8284
   862     0.2845     0.1525     9.2168   273.6000   225.5760   290.0000     2.8284
   863     0.2806     0.1681     9.3024   273.2000   221.5760   290.0000     2.8284
   864     0.2845     0.1582     9.2744   275.6000   225.8720   290.0000     2.8284
   865     0.2827     0.1475     9.1151   276.8000   227.2640   290.0000     2.8284
   866     0.2818     0.1593     9.2944   273.2000   224.2240   290.0000     2.8284
   867     0.2874     0.1470     8.8266   271.2000   226.3120   290.0000     2.8284
   868     0.2774     0.1517     8.7530   270.8000   226.8960   290.0000     2.8284
   869     0.2825     0.1570     8.7164   269.6000   226.5600   290.0000     2.8284
   870     0.2816     0.1699     8.9721   269.2000   228.5440   290.0000     2.8284
   871     0.2804     0.1590     8.9301   269.2000   225.2080   290.0000     2.8284
   872     0.2840     0.1578     8.9063   274.8000   229.0800   290.0000     2.8284
   873     0.3027     0.1638     9.0002   276.0000   228.1440   290.0000     2.8284
   874     0.2813     0.1552     8.8785   277.6000   231.2240   290.0000     2.8284
   875     0.2884     0.1544     9.0586   272.8000   232.5920   290.0000     2.8284
   876     0.2757     0.1673     9.1781   274.8000   227.5680   290.0000     2.8284
   877     0.2831     0.1593     9.3048   268.4000   222.9920   290.0000     2.8284
   878     0.2768     0.1593     9.1577   267.6000   220.2960   290.0000     2.8284
   879     0.2822     0.1618     9.2978   269.6000   221.8800   290.0000     2.8284
   880     0.2843     0.1644     9.2689   272.4000   226.0960   290.0000     2.8284
   881     0.2867     0.1673     9.1197   271.2000   226.6240   290.0000     2.8284
   882     0.2867     0.1657     9.0344   269.6000   224.3360   290.0000     2.8284
   883     0.2941     0.1624     9.1131   272.0000   225.9520   290.0000     2.8284
   884     0.2888     0.1603     8.9734   274.4000   227.8560   290.0000     2.8284
   885     0.2890     0.1518     8.9659   279.2000   225.9680   290.0000     2.8284
   886     0.2920     0.1700     9.1131   277.6000   223.6320   290.0000     2.8284
   887     0.2880     0.1739     9.0787   273.6000   228.9680   290.0000     2.8284
   888     0.2892     0.1662     9.0872   276.4000   231.0000   290.0000     2.8284
   889     0.2847     0.1655     9.1736   274.4000   228.2240   290.0000     2.8284
   890     0.2883     0.1547     8.8521   272.0000   227.0960   290.0000     2.8284
   891     0.2773     0.1599     9.0887   274.8000   224.1920   290.0000     2.8284
   892     0.2778     0.1508     8.9411   274.8000   220.2240   290.0000     2.8284
   893     0.2864     0.1549     8.8699   272.4000   224.9760   290.0000     2.8284
   894     0.2760     0.1487     8.6630   272.0000   223.0000   290.0000     2.8284
   895     0.2814     0.1532     8.8168   267.2000   222.9840   290.0000     2.8284
   896     0.2814     0.1495     8.6424   273.2000   224.6320   290.0000     2.8284
   897     0.2830     0.1474     8.5562   271.2000   228.5040   290.0000     2.8284
   898     0.2715     0.1425     8.4186   270.4000   224.6720   290.0000     2.8284
   899     0.2822     0.1559     8.6776   275.2000   225.9360   290.0000     2.8284
   900     0.2738     0.1520     9.1154   277.2000   223.0560   290.0000     2.8284
   901     0.2846     0.1585     9.0384   277.2000   226.4800   290.0000     2.8284
   902     0.2884     0.1632     8.9866   276.4000   224.9520   290.0000     2.8284
   903     0.2831     0.1622     9.0953   270.4000   221.5120   290.0000     2.8284
   904     0.2828     0.1570     9.1825   270.4000   218.6480   290.0000     2.8284
   905     0.2747     0.1414     8.9048   272.4000   218.9760   290.0000     2.8284
   906     0.2840     0.1681     9.0918   268.4000   219.2080   290.0000     2.8284
   907     0.2824     0.1576     9.2100   269.6000   222.5040   290.0000     2.8284
   908     0.2822     0.1590     9.3071   270.4000   219.9200   290.0000     2.8284
   909     0.2849     0.1588     9.1776   273.6000   223.2080   290.0000     2.8284
   910     0.2822     0.1471     9.0078   273.2000   222.1360   290.0000     2.8284
   911     0.2731     0.1511     8.7549   274.0000   226.3680   290.0000     2.8284
   912     0.2785     0.1498     8.7634   271.6000   226.5120   290.0000     2.8284
   913     0.2927     0.1674     8.9290   272.8000   223.8080   290.0000     2.8284
   914     0.2796     0.1582     9.1463   273.2000   224.4080   290.0000     2.8284
   915     0.2908     0.1616     9.1891   273.2000   221.8960   290.0000     2.8284
   916     0.2783     0.1607     9.0537   267.6000   219.7280   290.0000     2.8284
   917     0.2773     0.1591     9.4173   270.4000   217.4480   290.0000     2.8284
   918     0.2882     0.1608     9.5613   266.4000   213.5280   290.0000     2.8284
   919     0.2818     0.1636     9.5590   270.4000   219.1280   290.0000     2.8284
   920     0.2858     0.1622     9.3724   269.6000   216.3840   290.0000     2.8284
   921     0.2840     0.1588     9.1122   270.4000   219.6960   290.0000     2.8284
   922     0.2806     0.1559     9.4082   268.8000   219.9760   290.0000     2.8284
   923     0.2838     0.1606     9.2173   270.4000   223.8240   290.0000     2.8284
   924     0.2848     0.1535     8.9229   274.8000   225.2080   290.0000     2.8284
   925     0.2793     0.1554     9.0126   274.4000   220.0320   290.0000     2.8284
   926     0.2809     0.1680     9.2465   273.2000   221.4960   290.0000     2.8284
   927     0.2791     0.1588     9.1750   267.2000   219.8960   290.0000     2.8284
   928     0.2729     0.1574     9.4829   268.4000   217.4000   290.0000     2.8284
   929     0.2835     0.1561     9.5931   273.2000   214.8960   290.0000     2.8284
   930     0.2791     0.1577     9.3564   268.0000   214.7520   290.0000     2.8284
   931     0.2742     0.1694     9.3714   271.2000   219.2800   290.0000     2.8284
   932     0.2858     0.1699     9.3515   265.6000   219.1520   290.0000     2.8284
   933     0.2771     0.1496     9.0679   268.0000   222.3760   290.0000     2.8284
   934     0.2850     0.1667     9.1711   269.2000   218.7120   290.0000     2.8284
   935     0.2884     0.1554     9.1776   273.6000   224.4400   290.0000     2.8284
   936     0.2862     0.1424     8.9497   274.4000   226.4720   290.0000     2.8284
   937     0.2828     0.1516     9.3027   272.4000   217.4640   290.0000     2.8284
   938     0.2839     0.1484     9.0162   271.2000   221.3920   290.0000     2.8284
   939     0.2773     0.1671     9.2142   274.0000   218.1520   290.0000     2.8284
   940     0.2803     0.1548     9.1118   265.6000   214.3680   290.0000     2.8284
   941     0.2798     0.1587     9.1371   274.4000   218.2160   290.0000     2.8284
   942     0.2762     0.1635     9.0576   272.4000   219.8240   290.0000     2.8284
   943     0.2738     0.1555     9.0472   274.4000   219.4720   290.0000     2.8284
   944     0.2759     0.1567     9.0844   270.4000   217.9840   290.0000     2.8284
   945     0.2853     0.1595     9.1368   272.8000   218.1840   290.0000     2.8284
   946     0.2902     0.1649     9.2824   270.0000   222.2320   290.0000     2.8284
   947     0.2826     0.1592     9.4986   272.4000   219.8000   290.0000     2.8284
   948     0.2758     0.1513     9.6095   270.0000   218.0160   290.0000     2.8284
   949     0.2858     0.1630     9.4563   270.4000   221.2640   290.0000     2.8284
   950     0.2756     0.1728     9.3541   267.6000   225.0240   290.0000     2.8284
   951     0.2737     0.1550     9.0617   265.2000   223.2240   290.0000     2.8284
   952     0.2784     0.1439     8.9548   266.8000   223.7920   290.0000     2.8284
   953     0.2757     0.1516     9.2354   262.8000   216.6320   290.0000     2.8284
   954     0.2830     0.1605     9.0870   264.8000   219.4080   290.0000     2.8284
   955     0.2837     0.1534     9.4098   274.0000   224.2320   290.0000     2.8284
   956     0.2827     0.1599     9.2376   272.4000   224.5120   290.0000     2.8284
   957     0.2831     0.1601     9.4263   272.0000   223.3120   290.0000     2.8284
   958     0.2802     0.1585     9.4232   272.0000   223.9920   290.0000     2.8284
   959     0.2827     0.1544     9.1673   271.6000   221.5520   290.0000     2.8284
   960     0.2911     0.1657     9.2712   270.4000   220.8480   290.0000     2.8284
   961     0.2758     0.1575     9.1131   274.8000   224.0480   290.0000     2.8284
   962     0.2678     0.1413     9.3391   273.2000   218.4320   290.0000     2.8284
   963     0.2862     0.1473     9.5081   266.4000   215.1440   290.0000     2.8284
   964     0.2797     0.1481     9.4860   273.6000   212.7520   290.0000     2.8284
   965     0.2879     0.1536     9.4247   273.6000   215.8560   290.0000     2.8284
   966     0.2789     0.1570     9.7829   270.8000   216.9120   290.0000     2.8284
   967     0.2828     0.1588     9.4975   275.6000   218.4800   290.0000     2.8284
   968     0.2750     0.1562     9.5365   270.0000   218.5840   290.0000     2.8284
   969     0.2818     0.1495     9.1886   275.6000   220.7840   290.0000     2.8284
   970     0.2753     0.1593     9.4333   276.4000   220.2000   290.0000     2.8284
   971     0.2849     0.1504     9.4526   275.6000   220.7280   290.0000     2.8284
   972     0.2793     0.1573     9.4950   278.0000   220.3760   290.0000     2.8284
   973     0.2891     0.1589     9.3953   275.6000   221.5040   290.0000     2.8284
   974     0.2929     0.1584     9.4207   279.2000   222.3840   290.0000     2.8284
   975     0.3000     0.1720     9.5718   280.0000   219.8800   290.0000     2.8284
   976     0.2827     0.1496     9.1585   274.4000   222.8960   290.0000     2.8284
   977     0.2893     0.1500     9.2777   270.8000   223.2480   290.0000     2.8284
   978     0.2791     0.1578     9.9224   273.6000   221.2880   290.0000     2.8284
   979     0.2858     0.1625    10.0180   272.0000   220.4640   290.0000     2.8284
   980     0.2832     0.1552     9.4629   273.2000   223.0720   290.0000     2.8284
   981     0.2787     0.1597     9.7045   270.0000   217.1200   290.0000     2.8284
   982     0.2777     0.1527     9.7246   274.0000   219.7680   290.0000     2.8284
   983     0.2800     0.1485     9.4023   272.0000   219.5120   290.0000     2.8284
   984     0.2813     0.1562     9.5696   273.6000   219.3600   290.0000     2.8284
   985     0.2802     0.1490     9.4322   271.2000   224.7360   290.0000     2.8284
   986     0.2796     0.1610     9.4033   271.6000   220.6160   290.0000     2.8284
   987     0.2928     0.1590    10.0485   273.6000   217.9120   290.0000     2.8284
   988     0.2884     0.1712    10.0322   273.2000   221.4160   290.0000     2.8284
   989     0.2907     0.1665     9.8989   277.2000   220.4720   290.0000     2.8284
   990     0.2815     0.1694     9.6824   274.4000   220.2160   290.0000     2.8284
   991     0.2660     0.1445     9.7760   272.0000   224.3680   290.0000     2.8284
   992     0.2756     0.1634    10.0887   266.0000   220.1040   290.0000     2.8284
   993     0.2787     0.1681     9.7120   269.2000   217.4880   290.0000     2.8284
   994     0.2758     0.1481     9.3156   265.6000   221.0080   290.0000     2.8284
   995     0.2772     0.1625     9.4738   272.8000   220.9680   290.0000     2.8284
   996     0.2838     0.1678     9.2545   272.8000   221.8880   290.0000     2.8284
   997     0.2853     0.1666     9.0578   272.8000   223.9600   290.0000     2.8284
   998     0.2893     0.1576     9.2549   272.8000   223.4880   290.0000     2.8284
   999     0.2791     0.1672     9.3311   276.0000   223.4800   290.0000     2.8284
  1000     0.2847     0.1719     9.3553   270.4000   222.8560   290.0000     2.8284
